세계 각나라 인구수
(
순위
) ----
2013
년
7
월 기준
순위
나 라
인 구 수
계
239
7,095,262,215
1
중국
1,349,585,838
2
인도
1,220,800,359
3
미국
316,668,567
4
인도네시아
251,160,124
5
브라질
201,009,622
6
파키스탄
193,238,868
7
나이지리아
174,507,539
8
방글라데시
163,654,860
9
러시아
142,500,482
10
일본
127,253,075
11
멕시코
116,220,947
12
필리핀
105,720,644
13
에티오피아
93,877,025
14
베트남
92,477,857
15
이집트
85,294,388
16
독일
81,147,265
17
터키
80,694,485
18
이란
79,853,900
19
콩고민주공화국
75,507,308
20
태국
67,448,120
21
프랑스
65,951,611
22
영국
63,395,574
23
이탈리아
61,482,297
24
미얀마
55,167,330
25
대한민국
48,955,203
26
남아프리카공화국
48,601,098
27
탄자니아
48,261,942
28
스페인
47,370,542
29
콜롬비아
45,745,783
30
우크라이나
44,573,205
31
케냐
44,037,656
32
아르헨티나
42,610,981
33
폴란드
38,383,809
34
알제리
38,087,812
35
수단
34,847,910
36
우간다
34,758,809
37
케나다
34,568,211
38
모로코
32,649,130
39
이라크
31,858,481
40
아프가니스탄
31,108,077
41
네팔
30,430,267
42
페루
29,849,303
43
말레이시아
29,628,392
44
우즈베키스탄
28,661,637
45
베네수엘라
28,459,085
46
사우디아라비아
26,939,583
47
예멘
25,408,288
48
가나
25,199,609
49
북한
24,720,407
50
모잠비크
24,096,669
51
타이완
23,299,716
52
마다카스카르
22,599,098
53
시리아
22,457,336
54
코트디부아르
22,400,835
55
오스트레일리아
22,262,501
56
루마니아
21,790,479
57
스리랑카
21,675,648
58
카메룬
20,549,221
59
앙골라
18,565,269
60
부르키나파소
17,812,961
61
카자흐스탄
17,736,896
62
칠레
17,216,945
63
니제르
16,899,327
64
네덜란드
16,805,037
65
말라위
16,777,547
66
말리
15,968,882
67
에콰도르
15,439,429
68
캄보디아
15,205,539
69
과테말라
14,373,472
70
잠비아
14,222,233
71
세네갈
13,300,410
72
짐바브웨
13,182,908
73
르완다
12,012,589
74
차드
11,193,452
75
기니
11,176,026
76
남수단
11,090,104
77
쿠바
11,061,886
78
브룬디
10,888,321
79
튀니지
10,835,873
80
포르투칼
10,799,270
81
그리스
10,772,967
82
볼리비아
10,461,053
83
벨기에
10,444,268
84
소말리아
10,251,568
85
도미니카
10,219,630
86
체코
10,162,921
87
헝가리
9,939,470
88
아이티
9,893,934
89
베넹
9,877,292
90
벨라루스
9,625,888
91
아제르바이잔
9,590,159
92
스웨덴
9,119,423
93
온두라스
8,448,465
94
오스트리아
8,221,646
95
스위스
7,996,026
96
타지키스탄
7,910,041
97
이스라엘
7,707,042
98
시리아
7,243,007
99
홍콩
7,182,724
100
토고
7,154,237
101
불가리아
6,981,642
102
라오스
6,695,166
103
파라과이
6,623,252
104
요르단
6,482,081
105
파푸아뉴기니
6,431,902
106
에리트레아
6,233,682
107
엘살바도르
6,108,590
108
리비아
6,002,347
109
니카라과
5,788,531
110
시에라리온
5,612,685
111
덴마크
5,556,452
112
키르기스스탄
5,548,042
113
슬로바키아
5,488,339
114
아랍에미리트
5,473,972
115
싱가포르
5,460,302
116
핀란드
5,266,114
117
중앙아프리카공화국
5,166,510
118
투르크메니스탄
5,113,040
119
아일랜드
4,775,982
120
노르웨이
4,722,701
121
코스타리카
4,695,942
122
그루지야
4,555,911
123
콩고
4,492,689
124
크로아티아
4,475,611
125
뉴질랜드
4,365,113
126
레바논
4,131,583
127
라이베리아
3,989,703
128
보스니아
3,875,723
129
푸에르토리코
3,674,209
130
몰도바
3,619,925
131
파나마
3,559,408
132
리투아니아
3,515,858
133
모리타니
3,437,610
134
우루과이
3,324,460
135
몽고
3,226,516
136
오만
3,154,134
137
알바니아
3,011,405
138
아르메니아
2,974,184
139
자메이카
2,909,714
140
쿠웨이트
2,695,316
141
웨스트뱅크
2,676,740
142
나미비아
2,182,852
143
라트비아
2,178,443
144
보츠와나
2,127,825
145
마케도니아
2,087,171
146
카다르
2,042,444
147
슬로베니아
1,992,690
148
레소토
1,936,181
149
감비아
1,883,051
150
코소보
1,847,708
151
가자지구
1,763,387
152
기니비사우
1,660,870
153
가봉
1,640,286
154
스와질란드
1,403,362
155
모리셔스
1,322,238
156
바레인
1,281,332
157
에스토니아
1,266,375
158
토바고
1,225,225
159
동티모르
1,172,390
160
키프로스
1,155,403
161
피지
896,758
162
지부티
792,198
163
코모로
752,288
164
가이아나
739,903
165
부탄
725,296
166
적도기니
704,001
167
몬테네그로
653,474
168
솔로몬제도
597,248
169
마카오
583,003
170
수리남
566,846
171
서사하라
538,811
172
카보베르데
531,046
173
룩셈부르크
514,862
174
브루나이
415,717
175
몰타
411,277
176
몰디브
393,988
177
벨리즈
334,297
178
바하마
319,031
179
아이슬란드
315,281
180
바베이도스
288,725
181
프랑스령 폴리네시아
277,293
182
뉴칼레도니아
264,022
183
바누아투
261,565
184
사모아
195,476
185
상투메프린시페
186,817
186
세인트루시아
162,781
187
괌
160,378
188
큐라소
146,836
189
그레나다
109,590
190
아루바
109,153
191
통가
106,322
192
미크로네시아 연방
106,104
193
버진제도
104,737
194
키리바시
103,248
195
세인트빈센트그레나딘
103,220
196
저지
95,732
197
세이셸
90,846
198
안디구아 바부다
90,156
199
맨섬
(sle of Man)
86,159
200
안도라
85,293
201
도미니카
73,286
202
마샬제도
69,747
203
버뮤다
69,467
204
건지
65,605
205
그린란드
57,714
206
사모아
54,719
207
케이맨제도
53,737
208
북케이맨제도
51,170
209
세인트 키츠 네비스
51,134
210
페로제도
49,709
211
터크스케이코스제도
47,754
212
신트마르텐
39,689
213
리히텐슈타인
37,009
214
산마리노
32,448
215
버진 아일랜드
31,912
216
세인트 마틴
31,264
217
모나코
30,500
218
지브롤터
29,111
219
팔라우
21,108
220
앵귈라
15,754
221
데켈리아
15,700
222
아크로티리
15,700
223
월리스푸투나
15,507
224
투발루
10,698
225
쿡제도
10,447
226
나우루
9,434
227
세인트헬레나
(Saint Helena, Ascension,
and Tristan da Cunha)
7,754
228
생바르텔르미
(Saint Barthelemy)
7,298
229
생피에르 미클롱
(Saint Pierre and Miquelon)
5,774
230
몬트세랫
5,189
231
포클랜드제도
3,140
232
노퍽 섬
(
Norfolk Island)
2,196
233
스발바르
(
Svalbard)
1,921
234
크리스마스 섬
(
Christmas Island)
1,513
235
토켈라우제도
(
Tokelau)
1,353
236
니우에
1,229
237
바티칸 시티
[
Holy See(Vatican City)]
839
238
코코스제도
[
Cocos (Keeling) Islands]
596
239
핏케언 제도
Pitcairn Islands
48