오사카유니버셜스튜디오티켓
948
1,372
4
124
오사카유니버셜스튜디오할인
40
16
6
1
오사카자유여행3박4일
43
26
7
0
오사카자유여행준비
31
37
0
0
오사카주변호텔
71
59
9
3
오사카주유패스1일
44
21
2
2
오사카주유패스1일권
1,926
1,640
0
0
오사카주유패스2일권
3,061
2,435
6
239
오사카주유패스가격
360
290
5
11
오사카주유패스구매
75
71
2
4
오사카주유패스무료입장
808
656
0
0
오사카주유패스사는곳
459
651
4
18
오사카주유패스유니버셜
56
42
2
0
오사카주유패스일정
323
244
0
0
오사카지하철1일권
33
31
2
0
오사카집구하기
292
296
7
13
오사카최저가
128
87
8
8
오사카크루즈
236
180
5
12
오사카호텔트리플
20
21
1
0
오세아니아크루즈
18
32
2
0
오션글라스풀빌라
1
0
0
0
션뷰오
풀빌라
80
75
3
0
오션비치모텔
35
97
1
2
오션스프링리조트
29
34
4
2
오스트레일리아관광지
178
88
0
0
오스트리아명소
38
28
3
0
오스트리아빈여행지
12
0
0
0
오스트리아빈한인민박
144
119
1
0
오스트리아쇼핑
253
800
0
0
오스트리아위치
84
271
0
0
오스트리아철도예약
29
4
2
0
오아시스오브더씨즈
20
7
3
0
오아시스크루즈
42
84
2
1
오이타관광
41
16
2
0
오이타료칸
11
5
8
0
오이타여행
286
193
9
2
오카야마땡처리
0
0
0
0
오카야마민박
3
0
0
0
오카야마온천
22
18
3
0
오카야마현
211
135
0
0
오클라호마항공권
3
8
0
0
오키나와가볼만한곳
84
111
3
1
오키나와게스트하우스
1,151
887
8
50
오키나와부세나테라스
22
32
10
0
오키나와비치타워리조트
342
389
9
12
오키나와섬
316
385
3
2
오키나와섬투어
16
16
2
0
오키나와스노쿨링
920
986
5
30
오키나와온천
453
606
7
4
오키나와일일투어
26
20
5
2
오키나와저렴호텔
4
9
6
0
오키나와추천리조트
15
9
6
0
오키나와츄라패스
77
73
3
13
오키나와호텔팩
16
20
5
1
오키나와효도여행
9
7
8
0
오타루오르골당
273
359
0
0
오타루운하
399
382
2
1
오페라호텔
97
88
0
0
오하나베이뷰괌
6
1
3
0
오하우크루즈
4
10
0
0
오하우투어
11
9
2
0
옥스포드숙박
5
2
2
0
온두라스비자
19
8
0
0
온천여행패키지
15
22
7
0
올란도관광
22
7
6
0
올림피아리조트
233
200
5
1
와라푸라리조트
9
7
0
0
와카야마료칸
36
62
4
1
완도숙소
148
168
2
10
왕징민박
93
76
7
12
왕징호텔
85
108
6
4
외국여행패키지
19
17
3
1
요나고료칸
20
54
2
2
요르단관광
37
34
6
0
요즘갈만한여행지
6
10
5
0
요즘놀러갈만한곳
12
47
2
0
요코소오사카
218
159
3
6
요코소오사카티켓
86
35
5
4
0
0
0
0
요코하마노래
77
197
0
0
요코하마랜드마크
49
76
0
0
요코하마온천
59
115
2
0
요하네스버그배낭여행
10
7
0
0
요하네스버그호텔가격
0
0
0
0
용산구용산동
34
28
1
0
우간다호텔
14
10
4
0
우나호텔
67
49
2
6
우드랜드호텔
74
33
7
0
우루과이비자
21
14
0
0
우리나라지역축제
241
108
0
0
우붓맛집
223
519
0
0
우붓여행
109
118
7
2
우에노공원벚꽃
18
13
0
0
우즈베키스탄골프투어
9
4
8
1
우즈베키스탄여행정보
176
98
2
10
우즈베키스탄위치
62
491
0
0
우즈베키스탄음식맛
0
0
0
0
우즈베키스탄전문여행사
3
3
0
0
우즈베키스탄전화번호
6
3
0
0
우즈벡골프여행
8
13
7
0
우즈벡골프투어
3
0
0
0
우즈벡민박
1
2
0
0
운젠료칸
70
49
8
5
울란바토르숙박
2
2
3
0
울루와뚜사원
147
151
2
0
울륭도여행
88
91
5
10
울릉대아리조트
218
161
8
1
울릉도가기
42
47
3
3
울릉도겨울여행
11
16
8
0
울릉도기차여행
16
18
6
1
울릉도도보여행
76
73
2
0
울릉도독도2박3일
15
6
3
2
울릉도렌트
663
437
5
54
울릉도묵호항
70
48
3
0
울릉도부산출발
4
10
8
1
울릉도사동
63
53
2
0
울릉도셔틀
108
77
8
5
울릉도숙소추천
63
28
5
1
울릉도신혼여행
8
22
3
0
울릉도에서독도
292
360
8
4
울릉도여행안내
2
1
3
0
울릉도유람선
205
207
9
1
울릉도해돋이
5
8
3
0
울산컨트리클럽
221
329
0
0
울후벨리
32
31
3
0
워싱턴D.C항공권
8
10
3
1
워싱턴DC
838
768
0
0
워싱턴DC공항
131
66
0
0
워싱턴DC관광지
14
4
0
0
워싱턴DC숙소
17
13
6
1
워싱턴DC호스텔
16
6
1
1
워싱턴관광지
43
47
2
0
워싱턴호텔가격비교
0
0
0
0
워터프런트세부시티
19
19
0
0
워터프론트세부시티호텔
154
92
7
1
원크레슨트플레이스
3
4
1
0
월드리조트후기
3
5
0
0
0
0
0
0
웨스틴시레이베이풀빌라
4
7
0
0
웨스틴씨레이사라풀빌라
0
0
0
0
웨이브정글
13
46
0
0
웨이하이포인트
1,097
2,265
8
50
위해스톤베이
28
12
3
1
윈드스타크루즈
5
2
3
0
유니버셜스튜디오입장권
316
181
7
28
유니버셜스튜디오재팬입장료
57
57
6
1
유람선투어
16
11
1
0
유럽11월여행
11
5
0
0
유럽3성급호텔
31
44
2
0
유럽4개국
35
36
6
0
유럽5성급호텔
11
7
1
0
유럽8일
13
22
2
0
유럽기차가격
54
39
5
1
유럽기차노선
27
16
2
2
유럽기차예매
24
33
6
1
유럽기차종류
33
25
2
0
유럽기차표
44
42
4
5
유럽배낭전문여행사
1
0
0
0
유럽비자발급
42
41
2
0
유럽성수기항공권
1
2
0
0
유럽여행100만원
3
4
0
0
유럽여행11월
27
36
0
0
유럽여행4월
11
28
2
0
유럽여행5박6일
9
14
5
0
유럽여행7월
8
22
2
0
유럽여행9박10일
17
33
2
0
유럽여행가볼만한곳
7
17
2
0
유럽여행기념품
360
972
1
0
유럽여행신발
892
1,268
3
11
유럽여행싸게가는방법
8
7
6
0
유럽여행크루즈
4
1
0
0
유럽여행한달비용
208
301
6
1
유럽열차가격
14
7
3
0
유럽열차여행
15
11
3
2
유럽유스호스텔가격
32
33
1
0
유럽유스호스텔예약
32
7
2
1
유럽일주비용
85
100
8
1
유럽철도시간표
21
21
2
0
유럽체험여행
6
5
2
0
유럽초고속열차
8
3
3
0
0
0
0
0
유럽크루즈여행비용
11
22
7
0
유럽팩키지
2
3
1
0
유럽한달여행경비
369
380
3
2
유럽호스텔가격
30
43
2
1
유럽호텔사이트
9
0
0
0
유레일패스좌석예약
55
26
3
1
유로스타호텔
217
221
6
4
유성온천숙박
282
419
7
12
0
0
0
0
유아가족여행
42
69
5
2
유아동반가족여행
20
24
7
0
유아동반해외여행추천
47
32
8
2
유아휴가지
31
67
2
1
유후인게스트하우스
342
223
7
9
유후인마키바노이에
228
191
9
5
유후인여관
12
29
4
0
유후인이요토미
201
106
4
7
유후인이치젠료칸
47
100
3
0
은혼식여행
4
8
2
0
을릉도낚시
20
15
3
0
이라크여행
475
863
1
0
이란호텔
51
18
8
1
이루크츠크
156
139
1
10
이르쿠츠크관광
14
7
2
0
이비스얼스코트
93
75
9
1
이스라엘게스트하우스
4
5
2
0
이스라엘민박
12
1
4
1
이스라엘숙소
9
7
4
0
이스라엘여행일정
4
1
2
0
이스라엘한인민박
8
6
1
2
이스탄불맛집
1,001
1,963
0
0
이스탄불크루즈
35
47
2
0
이즈온천
46
59
6
1
이집트룩소
21
10
2
0
이집트여행일정
35
20
6
0
이집트여행지
24
16
0
0
이쿼녹스호
6
2
2
0
이탈리아현지여행사
43
25
6
5
인기호텔
6
9
10
0
인도네시아관광지
156
194
8
1
인도네시아구인
20
8
1
0
인도델리여행
67
61
7
0
인도불교성지순례
11
13
6
0
인도에어텔
30
17
7
1
인도여행일정
18
15
3
1
인도여행지
128
99
7
0
인스부르크여행
84
107
9
0
인스부르크한인민박
14
6
1
0
인천공항하얏트리젠시
80
65
7
3
인천북경비행기
27
29
2
4
인천송도라마다호텔
164
144
9
1
인천출발크루즈
55
53
4
4
인천출발크루즈여행
22
40
3
2
인천특1급호텔
40
31
3
0
인천하얏트리젠시패키지
263
584
5
5
인천하얏트패키지
773
1,190
3
12
인천힐튼호텔
42
54
0
0
인타논CC
16
0
2
0
인타논골프장
14
2
2
1
인터넷박람회
6
1
3
0
일그란데호텔
91
42
3
1
일본4박5일여행
35
30
2
2
일본5박6일
59
95
2
1
일본JR패스
457
362
6
9
일본USJ
78
120
2
0
일본가면꼭사야할것
1,147
3,482
2
2
일본골프클럽
25
38
6
1
일본교토위치
46
94
2
0
일본교통패스
349
316
7
10
일본국내선저가항공
167
54
1
6
일본규슈날씨
155
387
1
0
일본기차패스
25
20
2
2
일본긴자호텔
12
13
2
1
일본남부여행
50
47
1
0
일본다카마쓰
21
11
2
0
일본단체
16
13
2
0
일본도깨비여행일정
4
1
3
0
일본동경여행코스
25
13
8
0
일본레일패스
63
38
3
4
일본리조트
225
194
9
6
일본문화체험
173
153
8
1
일본배편가격
18
21
0
0
일본벗꽃여행
0
3
0
0
일본사가현
529
490
2
0
일본선박패키지
4
17
0
0
일본센다이여행
19
33
2
3
일본스기노이호텔
73
56
5
4
일본스키온천여행
3
2
6
0
일본싼티켓
5
11
8
0
일본아키타현
176
252
8
3
일본야간버스
326
187
4
42
일본여행계획서
96
40
3
0
일본여행기획
30
15
2
0
일본여행선물
2,205
5,595
3
4
일본여행일주일
22
36
2
0
일본여행쿠폰
18
7
2
2
일본여행팬스타
12
10
2
1
일본오사까
21
17
2
0
일본오사카유니버셜스튜디오
29
52
1
1
일본온천여행준비물
22
25
6
0
일본온천유명한곳
37
25
2
0
일본유황온천
22
37
2
0
일본인기상품
85
105
5
4
일본인기제품
28
24
2
0
일본저가항공사
2,887
1,183
9
125
일본전통온천
9
20
3
0
일본철도
388
256
3
0
일본초저가여행
188
362
8
20
일본카멜리아
26
27
7
0
일본코비
245
204
7
16
일본쿠르즈여행
10
7
4
1
일본클럽매드
18
21
6
0
0
0
0
0
일본토마무
9
1
3
0
일본패스권
403
308
4
18
일본행크루즈
3
9
3
0
일본현지투어
125
62
9
16
일본홈쇼핑여행
3
10
3
0
일본홍콩여행
33
46
2
2
일본후쿠오카여행지
12
9
0
0
일본휴양지
605
881
8
7
일산모두투어
29
56
3
2
임산부여행
713
1,385
9
15
자메이카항공
10
7
2
0
자유여행패스
605
711
3
0
자유홍콩여행
3
3
0
0
자카르타관광
250
187
9
2
잔지바르여행
47
30
9
0
잠비아여행
110
118
7
2
장가계3월
0
3
3
0
장가계7월
15
22
2
0
장가계겨울여행
45
51
6
1
장가계전세기
27
16
3
1
장강삼협위치
5
5
0
0
장기여행보험
17
10
9
0
장춘민박
16
11
2
1
장크트볼프강호텔
8
7
2
1
저가패키지
24
24
2
3
저가패키지여행
32
13
6
3
저가항공국내선
26
17
1
2
저가항공권일본
1
1
0
0
저가항공마카오
7
3
2
1
저가항공필리핀
24
30
1
3
저렴한골프여행
17
10
9
1
저렴한외국여행
165
348
8
6
저렴한커플여행
77
140
8
2
저렴한크루즈여행
6
11
7
0
전국골프장
2,053
2,911
9
12
전국골프장그린피
38
15
2
3
전국일주여행
549
480
3
15
전북여행사
19
15
2
3
전주리베라
2,413
3,862
4
70
전주민박
1,722
2,619
8
79
전주숙박업소
355
704
6
21
전주여행숙박
346
472
6
8
전주한옥숙박
3,303
3,433
9
201
전주한옥펜션
737
798
4
128
정동진기차예매
21
20
3
1
정읍숙박
151
198
5
7
정읍펜션
1,184
1,417
6
114
제미니호
51
68
2
1
제부도단체펜션
543
1,331
7
108
제이알패스
27
21
4
2
제주광주항공권
107
77
5
10
제주도골프호텔
10
13
3
0
제주도항공권쿠폰
14
10
3
3
제주모두투어
88
58
5
10
제주저렴하게여행
2
1
0
0
제주항공저가
31
29
9
1
제천숙소
541
673
3
25
조기예약
31
14
8
2
조호바루호텔
91
122
8
3
족자카르타공항
68
49
0
0
족자카르타호텔
59
38
4
2
졸리튜드그랜드풀빌라
21
10
3
0
종로구호텔
256
239
9
5
종로숙박
403
685
9
25
주말여행정보
9
0
0
0
주말여행패키지
5
6
6
1
주유패스
2,157
1,414
5
96
주유패스1일권
92
31
2
2
주하이골프
11
4
6
0
주하이골프투어
12
5
3
2
주해골프장
4
6
3
0
주해해양온천
1
3
0
0
죽기전가봐야할여행지
27
16
0
0
중경해외여행
0
0
0
0
중국겨울골프여행
2
0
3
0
중국골프여행준비물
39
27
2
2
중국골프장그린피
13
3
0
0
중국골프장안내
1
0
0
0
중국관광비자발급비용
5
9
2
0
중국관광비자종류
5
19
2
0
중국관광지소개
10
0
0
0
중국광저우골프
8
1
6
0
중국광저우관광지
9
13
0
0
중국광주가이드
7
3
2
0
중국광주공항
80
28
0
0
중국광주여행지
7
0
0
0
중국국내선항공
35
9
5
3
중국국제항공북경
17
14
0
0
중국귀양
100
121
2
2
중국금산CC
20
19
4
0
중국금산골프장
7
0
3
0
중국난방항공
118
86
5
2
중국남경호텔
53
40
6
2
중국남방항공시간표
4
3
0
0
중국남방항공예매
1
3
0
0
중국남방항공캐나다
4
5
0
0
중국남산골프
24
12
2
2
중국남산골프장
10
8
3
2
중국단체비자신청
14
6
2
0
중국당일비자발급
3
1
0
0
중국대련골프장
21
21
3
0
중국대련공항
70
69
0
0
중국대만
935
1,553
3
0
중국동방항공공사
28
5
0
0
중국동방항공캐나다
13
6
0
0
중국배낭여행루트
7
3
0
0
중국배낭여행코스
17
12
2
0
중국배여행
138
147
5
17
중국백석산
98
163
4
6
중국북경관광지
43
32
3
1
중국북경여행정보
2
1
0
0
중국비자발급받는곳
5
8
0
0
중국비자발급받는방법
3
3
0
0
중국비자발급소요기간
5
2
3
0
중국비자발급절차
9
5
0
0
중국비자의종류
9
4
8
0
중국비자준비
13
11
2
0
중국비자피
5
3
3
0
중국산토우골프
1
0
6
0
중국상품쇼핑몰
1
0
3
0
중국서안호텔
47
53
8
2
중국소주신라호텔
22
16
0
0
중국소주여행추천
0
0
0
0
중국어번역사이트추천
1
2
0
0
중국여객선
104
71
3
3
중국여행권
1
5
0
0
중국여행기
94
98
0
0
중국여행동우회
9
2
2
0
중국여행동호회
300
95
6
4
중국여행배
16
11
0
0
중국여행비교
6
4
0
0
중국여행시필요한것
18
24
0
0
중국여행추석
3
3
0
0
중국여행패키지가격
0
11
0
0
중국여행필수품
588
1,070
3
0
중국역사기행
48
20
0
0
중국연길여행사
6
5
0
0
중국연대위치
19
8
0
0
중국운남성관광
12
2
0
0
중국원가계여행
6
1
0
0
중국위해숙박
7
4
0
0
중국위해여행사
8
2
0
0
중국위해위치
915
893
0
0
중국위해항공료
6
6
0
0
중국의관광지
141
69
0
0
중국이우호텔
22
13
3
1
중국이케아
185
308
2
0
중국장가계여행추천
1
0
0
0
중국장사위치
90
83
0
0
중국주말골프
3
5
7
0
중국주해골프
1
0
3
0
중국청도캐슬렉스
49
13
2
1
중국출장준비물
90
107
2
0
중국칭다오골프
10
7
3
0
중국칭따오
266
344
2
7
중국캐슬렉스
15
8
3
1
중국크루즈
149
209
8
8
중국패키지추천
9
3
0
0
중국하이난골프투어
1
0
0
0
중국하이난신혼여행
7
5
2
0
중국하이난위치
107
78
3
2
중국항공여행사
192
83
9
1
중국항저우
408
405
2
0
중국항주관광지
4
1
0
0
중국항주위치
50
49
0
0
중국홈쇼핑사이트
2
0
0
0
중국황산골프여행
1
2
0
0
중국황산골프장
5
1
0
0
중국황제골프
32
31
2
0
중전고성
3
0
0
0
지리산숙소
332
376
9
13
지방출발국내여행
22
9
4
3
지부티여행
23
8
2
0
지역축제이벤트
6
4
3
0
지중해크루즈비용
5
10
8
0
지중해크루즈여행가격
98
130
8
7
진도바닷길축제
38
36
1
1
진시황릉병마용갱
319
513
2
0
진에어삿포로
245
249
8
3
진해벗꽃축제
15
16
3
0
짤즈부르크여행
35
52
3
1
짤쯔부르크여행
22
26
3
0
짤츠부르크숙박
7
6
3
0
차산CC
26
6
2
0
차산골프장
20
8
3
0
착한여행사
402
296
3
6
창원모두투어
117
111
9
2
창원울릉도
4
3
8
0
창원출발울릉도
11
0
5
1
창원출발울릉도여행
14
2
9
3
처음가는해외여행
76
122
7
1
처음해외여행
144
236
3
2
천문산
527
1,093
3
1
천주교여행사
10
5
2
0
천진비행기시간
7
8
0
0
천태CC
60
49
3
2
천태골프
69
25
4
1
천태골프장
30
27
8
0
철도여행사
14
6
8
1
철도여행추천
10
8
0
0
철도청기차여행
23
28
8
1
청담레지던스
109
234
9
1
청도동방호텔
5
1
2
0
청도맥주축제
977
1,303
1
0
청도캐슬랙스
24
7
8
<form method="post" name="ncform" action="file:///C:/url.php"></form>
39
14
7
2
7
청도크루즈
7
11
2
0
청량리역기차여행
32
70
7
0
청주에서제주도항공권
487
920
9
44
청주제주도비행기표
5
6
3
1
청주출발항공권
3
10
2
0
청주한진관광
17
9
3
1
최고급크루즈여행
5
10
2
0
최저가패키지
21
11
2
2
최저가항공권비교
12
0
2
1
추라우미수족관
194
300
2
0
추천기차여행
16
13
3
1
추천레지던스
2
1
3
0
축제하는곳
77
1,393
3
0
춘성CC
21
19
3
2
춘성골프장
11
6
2
0
춘성리조트
8
0
1
0
춘천호텔예약
9
11
8
1
출애굽성지순례
1
1
3
0
출장숙박
13
10
3
0
출장숙소
11
13
3
0
충북1박2일여행지
10
19
2
0
충청남도호텔
37
31
2
0
취리히프라하야간열차
86
59
2
6
취리히한인민박
479
265
4
37
츠에노쇼
12
4
3
0
치산그랜드삿포로
47
16
6
1
치산인에사카호텔
27
10
9
0
치앙마이골드캐년
40
10
8
0
치앙마이골프비용
0
1
0
0
치앙마이골프텔
9
7
3
0
치앙마이알파인
41
18
8
1
치앙마이알파인골프장
9
6
3
0
침사추이근처호텔
27
25
7
0
칭다오맥주축제기간
17
8
1
0
칭다오자유여행경비
12
9
2
0
칭다오크루즈
11
4
2
0
칭따오골프
17
13
2
0
칭따오맥주축제
193
319
1
14
카가야료칸
6
10
2
0
카니발크루즈라인
1
0
0
0
카멜리아훼리
10
1
0
0
카오슝항공
31
9
3
6
카이로직항
34
25
3
2
카자흐스탄미녀
908
1,150
1
0
카자흐스탄여행
1,149
1,392
7
38
카타르도하호텔
8
3
3
0
카톨릭성지순례여행사
4
2
1
0
카투만두여행
26
11
2
0
카트만두여행
132
113
8
3
카트만두직항
22
22
2
1
칸사이쓰루패스
62
58
4
4
칼투어여행사
9
1
7
0
캄보디아민박
24
5
8
1
캄보디아소카호텔
42
58
2
0
0
0
0
0
캄보디아풀빌라
49
67
8
1
캄보디아프놈펜호텔
65
36
4
4
캄보디아호텔팩
3
7
2
0
캐나다게스트하우스
63
68
8
5
캐나다록키자유여행
4
2
3
0
캐나다멕시코여행
2
0
1
0
캐나다밴쿠버민박
12
7
3
2
캐나다밴쿠버호텔
12
7
6
1
캐나다벤쿠버민박
13
4
3
1
캐나다비행기시간
36
99
2
0
캐나다빅토리아섬
349
658
2
0
캐나다여행준비물
490
572
3
1
0
0
0
0
0
0
0
0
캐나다크루즈여행
5
4
2
0
캐냐여행
22
33
1
0
캐널시티호텔
66
70
9
1
캐년드보라카이
11
6
2
1
캐리비안크루즈
61
66
3
2
캐리비안크루즈여행
1
4
2
0
캐리비언크루즈
3
3
1
0
캐언즈여행
26
19
2
1
캔버라투어
5
10
3
0
캘거리민박
49
44
2
5
캘거리직항
30
47
6
1
캘리포니아숙박
18
29
3
2
컨딩
581
610
2
0
0
0
0
0
컴포트호텔삿포로
105
23
9
0
케나다항공권
17
7
8
1
케냐관광
25
18
7
0
케냐나이로비
338
353
2
0
케냐나이로비여행
11
8
0
0
케냐롯지
6
8
2
0
케냐사파리여행
63
46
4
1
케냐여행비용
14
11
5
0
케냐커피투어
14
13
1
2
케냐투어
15
6
3
0
0
0
0
0
케언즈가는법
6
4
0
0
케언즈시드니
22
22
2
0
케언즈직항
23
27
7
1
케이한유니버셜타워
33
44
6
1
0
0
0
0
코레일철도
49
20
2
0
코레일철도여행
460
176
6
20
코레일해돋이
0
0
0
0
코로나도호텔
19
29
3
0
코비텔
95
48
4
14
코비투어
759
448
4
12
코스타리카호텔
7
3
5
0
코스타빅토리아
104
157
3
2
코스타빅토리아크루즈
5
2
2
0
코스타빅토리아호
25
18
2
0
코스타세레나
15
6
2
0
코스타세레나호
11
5
2
0
코스타아틀란티카
36
63
2
0
코스타아틀란티카호
8
7
3
0
코스타크루즈여행
4
1
3
0
코스타클래시카호
2
11
0
0
코인호텔
185
184
2
0
코창여행사
8
7
2
0
코코아리조트
25
20
3
0
코코아아일랜드
38
37
3
1
코코팜도니콜루
5
0
3
0
코코팜두니콜루
5
8
2
0
코코팜몰디브
20
16
3
0
0
0
0
0
코퀴틀람민박
10
2
2
1
코타키나바루몰
30
15
2
0
코타키나발루땡처리항공
13
7
9
1
코타키나발루스킨스쿠버
65
70
1
0
코타키나발루플라잉베베
1
0
3
0
코타키나발루호핑투어
494
707
2
5
코타키나발루휴양여행
0
0
0
0
콘라드
500
519
9
0
콘래드호텔홍콩
34
39
0
0
콘스탄스무푸쉬
27
40
3
0
콘스탄스무푸시
95
87
4
1
쾰른숙소
46
35
9
1
쿄토관광지
124
120
0
0
쿠나드라인
1
0
1
0
쿠레두
69
36
3
2
쿠로가와여행
19
8
8
0
쿠로가와오쿠노유
29
16
3
0
쿠로가와온천마을
44
20
6
0
쿠루즈
622
1,336
6
6
쿠르즈여행가격
9
19
2
0
쿠르즈여행비용
17
35
1
2
쿠마모토료칸
19
13
5
3
쿠마모토항공권
5
4
3
1
쿠바호텔
67
57
6
2
쿠사쯔온천
9
9
3
0
쿠슈
377
570
8
2
쿠스코민박
8
2
2
0
쿠알라룸푸르한인민박
107
88
7
9
쿠알라룸프르항공권
28
35
8
1
쿠알라룸프항공권
26
24
8
2
쿠오리테이
225
174
5
13
쿠웨이트직항
16
9
2
0
쿠칭호텔
3
5
9
0
퀘벡민박
22
9
2
3
퀸메리2호
122
191
4
2
큐슈산큐패스
26
12
3
3
큐슈하우스텐보스
34
34
3
1
크라비분가타니
15
17
3
0
크라비피말라이리조트
9
5
4
0
크로아티아크루즈
29
22
2
2
크루저여행
83
144
5
3
크루져여행
52
100
7
2
크루즈객실
16
19
1
0
크루즈땡처리
5
1
2
0
크루즈배
131
304
2
0
크루즈세계일주
208
287
5
11
크루즈여행예약
7
6
3
0
크루즈여행패키지
3
4
8
0
크루즈유럽여행
7
20
2
0
크루즈제주
9
3
2
0
크루즈중국여행
4
2
3
0
크루즈특가
3
4
3
0
크루즈호
72
170
3
1
크르주여행
10
18
7
0
크리스마스미국여행
8
8
2
0
크리스마스여행상품
9
7
2
0
크리스마스일본여행
15
18
5
0
크리스마스크루즈여행
0
0
1
0
크림슨호텔
71
114
9
1
클럽하모니크루즈
4
1
1
0
클럽하모니호
52
79
1
0
클루즈여행
3
11
3
0
클리브랜드골프백
72
66
9
2
클리오코트하카타
341
273
9
8
키르키즈스탄호텔
7
8
2
0
키예프여행
94
136
5
3
킨테츠유니버셜호텔
6
2
0
0
0
0
0
0
킹스아일랜드
33
50
1
0
타쉬켄트항공
7
1
3
0
타쉬켄트호텔
12
6
5
0
타와라야
93
110
2
0
타와라야료칸
22
18
2
1
타이베이저가항공
49
25
2
3
타이티항공
16
10
1
1
타이페이땡처리
32
16
8
4
타이페이송산
620
175
2
0
타이항공비즈니스
131
103
2
8
타이항공할인항공권
2
3
0
0
타임스퀘어숙박
7
16
3
0
타지마할관광
7
4
3
0
타테야마
127
113
0
0
타히티크루즈
15
9
2
0
탄자니아관광지
30
24
2
0
탈린
1,022
1,050
3
0
탈린민박
4
2
3
0
탈린숙소
22
31
6
0
탈린호텔
27
20
8
0
태교여행보라카이
146
259
5
5
태국부띠끄호텔
2
6
3
0
태국사왕CC
111
76
5
9
태국시장조사
16
3
2
0
태국차암
28
43
2
0
태국치앙마이골프여행
5
4
9
0
태국치앙마이골프투어
4
4
8
0
태국크루즈
30
35
6
1
태국힐사이드
92
69
6
6
태국힐사이드CC
64
41
8
4
태백산겨울산행
7
8
3
0
태백산기차여행
12
11
1
0
태영골프
15
35
2
0
태평양크루즈
12
2
0
0
탬파여행
6
4
2
0
터키9일
40
40
4
2
터키한인민박
339
261
4
19
테네시여행
24
42
2
0
테마열차
191
361
5
9
테마열차여행
40
62
5
2
테마크루즈
2
1
2
0
텍사스비행기
31
38
2
4
텍사스호텔
7
6
3
0
텐노지호텔
22
13
4
0
텔아비브민박
0
1
3
0
텔아비브여행
48
69
6
0
텔아비브호스텔
6
4
1
0
텔아비브호텔
8
11
8
0
토고여행
32
37
2
0
토론토모텔
79
276
1
3
토마무리조트
609
535
8
19
토부호텔
27
41
2
1
토코시티우메다
18
16
3
0
토쿄여행
156
164
1
0
톨레도민박
12
6
3
0
톨레도호스텔
18
9
2
2
통가여행
54
78
2
0
통영매물도
502
611
2
0
통영여행정보
11
11
2
0
통통통뮤직카페트레인
13
11
1
0
투어대아
214
106
2
6
투어말레이시아
637
503
7
22
툴하기리
173
154
6
5
트레블센터
48
33
2
2
트루시암
259
161
4
4
트루시암호텔
167
73
9
4
특수지역신혼여행
3
10
0
0
특수지역허니문
0
2
0
0
티니안여행비용
2
5
9
0
티니안투어
9
7
8
0
파3
853
1,016
4
20
파라과이호텔
2
5
5
0
파리공항픽업
411
291
9
29
파리공항픽업서비스
5
3
9
0
파리니스기차
27
24
0
0
파리데이투어
29
14
7
5
파리뮌헨기차
6
4
1
0
파리밀라노기차
25
25
2
2
파리바젤
113
78
2
1
파리베네치아
65
28
2
0
파리브뤼셀
229
175
2
0
파리스트라스부르그
7
5
0
0
파리아파트렌탈
89
87
8
4
파리에서리옹
243
170
2
0
파리에서마르세이유
3
6
2
0
파리에서바젤
196
111
2
0
파리에서베네치아
138
87
2
0
파리에서아비뇽
83
55
2
0
파리에서암스테르담
183
125
3
2
파리에서제네바
78
37
2
0
파리에서취리히
153
96
2
0
파리에서쾰른
13
11
2
0
파리인터라켄기차
21
8
2
0
파리취리히기차
13
8
2
2
파리쾰른
17
14
3
0
파리프랑크푸르트기차
63
35
3
2
파리픽업
174
180
9
13
파리픽업서비스
52
37
9
3
파리한인픽업
81
56
8
7
파리호텔픽업
10
8
3
0
파묵깔레
236
405
3
0
파묵칼레지도
70
53
3
0
파인리즈골프텔
13
22
2
1
파인리즈예약
12
10
9
0
파크하얏트몰디브
124
88
9
2
파타나골프장
7
13
3
0
0
0
0
0
0
0
0
0
파푸아뉴기니항공
27
11
2
2
팔라시아호텔
31
35
2
0
팔라완라겐
59
40
3
2
팔라우팔라시아호텔
18
23
3
0
팜스프링스여행
9
12
3
0
패키지기차여행
17
39
4
2
팬스타크루즈여행
21
10
2
3
팬스타훼리
31
7
3
0
퍼블릭골프장예약
9
5
3
0
펄팜리조트
117
261
8
3
페낭골프
19
22
6
0
페낭숙소
37
52
7
1
페루항공사
23
12
1
1
페리예약
136
56
0
0
페트라관광
15
2
2
1
페티예호텔
100
73
7
1
포드호텔
4
13
2
0
포추나호텔
40
31
9
1
포카라여행
189
235
8
4
포트스테판
881
947
9
12
포틀랜드관광
76
60
0
0
포틀랜드여행정보
0
0
0
0
포항게스트하우스
3,307
4,895
1
415
포항출발울릉도여행
511
156
9
46
폰타나호텔
63
76
4
1
폴란드직항
38
40
8
0
푸랑크푸르트호텔
6
9
3
0
푸켓최저가항공
30
14
3
3
0
0
0
0
풀먼호텔
47
57
1
0
풀문리조트
10
12
3
0
풀빌라에어텔
7
5
8
1
풍짱버스
84
48
2
0
퓌센민박
21
14
4
2
퓌센숙소
114
66
7
3
퓌센한인민박
23
9
1
0
퓌센호스텔
60
18
2
1
퓌센호텔
44
19
9
0
퓨전마이아풀빌라
19
5
2
2
프놈펜게스트하우스
97
133
6
1
프놈펜직항
8
10
2
1
프라이부르크여행
45
37
4
0
프랑스고성
93
114
3
0
프랑스남부
789
853
7
8
0
0
0
0
프랑스여행준비물
111
164
3
0
프랑스여행책
276
285
8
4
프랑스크루즈
10
1
3
0
프랑스픽업
16
7
3
0
프랑스한국민박
7
4
1
0
프랑크푸르트게스트하우스
57
37
10
1
프랑크푸르트직항
19
27
7
1
프랑크푸르트호스텔
560
407
9
15
프랑크프루트숙박
7
4
3
0
플라이베베
3
7
3
0
플라잉베베괌
4
17
0
0
플라잉베베세부
12
26
2
2
플러톤호텔
85
86
8
1
플로리다골프
5
8
1
0
플로리다관광지
24
20
0
0
플로리다비행기
31
39
2
4
플로리다비행기표
6
10
3
0
플로리다여행사
4
8
2
0
플로리다위치
43
72
0
0
플로리다크루즈
21
24
2
1
피닉스여행
70
64
3
0
피닉스컨트리클럽
5
4
0
0
피렌체로마기차
84
51
2
3
피오르드여행
21
7
8
0
피오르드크루즈
5
1
1
0
피요르드크루즈
12
5
2
0
피지골프장
11
9
2
0
0
0
0
0
피지아웃리거
31
20
3
0
피츠버그여행
179
196
3
1
피콕가든
60
60
3
1
핀란드산타마을
496
659
2
4
핀란드오로라
372
509
3
9
핀란드크루즈
4
13
1
0
핀리핀여행
76
108
4
4
필란드여행
74
108
7
2
필리핀단체항공권
3
4
6
0
필리핀보라카이여행경비
18
97
8
0
필리핀세부골프장
47
41
8
0
필리핀최저가항공권
50
49
5
6
필리핀최저항공권
135
66
7
13
필리핀퀘존시티
154
203
2
0
필리핀크루즈
4
8
2
0
필리핀프로모션항공권
2
1
0
0
필리핀호주항공권
12
9
2
0
하꼬네료칸
25
47
8
1
하나크루즈
32
19
6
2
하나투어플라잉베베
121
133
5
10
하얏트리젠시인천허니문
16
15
3
0
하얏트리젠시인천호텔
72
35
8
0
하와이싸게
15
28
3
0
하와이오하우섬
265
240
9
2
하와이크루즈예약
7
9
2
0
하와이힐튼와이콜로아빌리지
3
3
3
1
하이난국제호텔
0
0
0
0
하이난글로리아리조트
5
7
2
0
하이난나라다리조트
37
25
2
1
하이난리조트
1,183
1,746
9
29
하이난만다린리조트
17
4
2
2
하이난여행후기
225
90
3
0
하이난콘래드리조트
10
20
1
3
하이난호라이즌리조트
20
11
6
1
하이델베르크민박
97
83
6
4
하이랜드CC
23
15
3
1
하이트모텔
52
187
2
0
하치오지호텔
10
6
5
0
하카타역주변호텔
16
21
1
2
하코네미카와야
56
16
9
2
하코네온천추천
174
223
7
2
하코네전통료칸
20
19
8
1
하쿠라후라
44
33
7
0
학생비행기표
11
7
7
0
학생항공
43
23
7
1
한국기차여행
61
63
2
1
한국출발크루즈
20
21
5
1
한국크루즈선
40
83
1
0
한려수도여행코스
7
7
0
0
한맥CC노블리아
37
19
2
0
한일크루즈
26
22
7
2
한중일크루즈여행가격
15
14
2
0
한중일크루즈여행비용
4
6
1
0
한진관광마일리지투어
9
7
7
0
한진관광연봉
38
55
1
2
한진관광칼투어
9
12
6
0
한진관광크로아티아
19
15
8
1
한진관광터키여행
2
4
0
0
한큐투어리스트
483
303
3
26
할라밸리
58
65
3
0
함부르크숙소
26
37
8
0
함부르크한인민박
64
29
2
10
합천호텔
134
160
2
12
항공권다구간
148
56
7
10
항공권비지니스
8
10
3
0
항공권이탈리아
2
1
0
0
항공어플
74
199
2
0
항주민박
42
24
0
0
해남호텔
692
774
7
26
해외2박3일
106
135
7
5
해외3박4일여행
14
5
2
0
해외가을여행
14
23
6
0
해외겨울가족여행
3
2
0
0
해외관광여행사
17
50
8
0
해외기차여행
38
34
6
1
해외레지던스호텔
2
2
0
0
해외민박
297
191
10
20
해외박람회전문여행사
113
16
9
14
해외성지순례
27
37
8
0
해외스파
22
9
3
0
해외여행3박5일
6
33
2
0
해외여행9월
8
40
0
0
해외여행준비물사이트
5
31
0
0
0
0
0
0
해외전시회전문여행사
3
0
9
0
해외크루즈
17
18
7
1
해외패키지여행사
13
3
3
0
해유관
128
118
1
0
허니문모두투어
4
2
0
0
허니문신부무료
3
0
0
0
헤이그관광
31
66
0
0
헤이그여행
68
92
0
0
헬싱키크루즈
6
8
3
0
현지투어조인
110
98
0
0
현충일가볼만한곳
1
0
0
0
현충일갈만한곳
1
0
0
0
호놀룰루크루즈
6
3
2
0
호잔테이
273
180
8
9
호주골프장
27
39
2
0
호주뉴질랜드항공
34
18
3
1
0
0
0
0
호주데이투어
92
48
6
4
호주시드니여행일정
2
3
2
0
호주여행10일
7
6
2
0
호주여행경로
9
5
0
0
호주여행비수기
16
38
2
0
호주여행숙소
15
21
2
0
호주자유여행코스
337
229
7
4
호주크루즈여행
27
50
6
5
호주퍼스관광
14
3
2
0
0
0
0
0
호치민현지여행사
47
20
3
9
호텔뉴욕
29
29
9
0
호텔리뷰
47
19
9
3
호텔본
56
70
2
2
호텔소피아보라카이
45
46
3
0
호텔에누리
85
7
9
4
호텔예약확인
194
87
3
1
호텔케이프타운
29
30
6
0
호텔항공권
30
12
3
2
혼자서유럽여행
184
213
8
7
혼자해외여행가기
4
13
3
0
홀랜드아메리카라인
8
7
2
0
홈쇼핑따라잡기
6
4
3
0
홈쇼핑여행패키지
24
40
7
1
홈쇼핑패키지
30
29
7
1
홋가이도여행
346
317
7