==전세계 50만여개 호텔 실시간 예약==
​
아고다 사이트(agoda) 바로가기
<==클릭
=호텔가격비교 전세계 호텔 60만여개 실시간 예약=
호텔스컴바인(hotelscombined) 바로가기
<== 클릭
아요디아리조트
88
121
9
0
아요디아발리
17
3
3
0
아웃리거괌리조트
213
236
10
4
아웃리거괌호텔
4
2
0
0
아웃리거리조트
277
353
10
2
아웃리거리조트괌
9
9
3
0
아웃리거하와이
42
32
0
0
아웃백호주
70
258
0
0
아웃오브아프리카
1,611
2,823
0
0
아이들과여름휴가
1,819
1,971
10
50
아이들과해외여행
409
1,037
10
18
아이러브하와이
55
50
0
0
아이리스일본온천
8
18
2
0
아이슬란드관광지
48
12
2
0
아이와CC
17
6
2
0
아이와골프
10
9
8
0
아이와골프장
8
2
2
0
아이와세부여행
27
71
1
0
아이와여름휴가
792
2,522
10
15
0
0
0
0
아이와함께여름휴가
1,634
3,026
10
42
아이젠슈타트
45
35
0
0
아이티항공
4
5
3
0
아인트호벤호텔
5
4
3
0
아일랜드관광
123
107
8
0
아일랜드여행
2,117
2,744
10
30
아일랜드여행사
22
13
7
0
아일랜드여행일정
10
8
3
0
아일랜드여행정보
4
7
0
0
아일랜드여행지
85
58
3
1
아일랜드정보
8
6
3
0
아일랜드투어
89
78
9
0
아일랜드하이더웨이
23
17
3
0
아임리얼
2,029
3,198
0
0
아크로폴리스
1,496
1,245
3
0
아키다
1,131
2,744
1
0
아키타겨울여행
1
4
1
0
아키타관광지
7
2
0
0
아키타료칸
39
12
9
1
아키타스키
3
2
7
0
아키타스키여행
1
1
10
0
아키타온천
68
55
10
0
아키타온천여행
8
8
9
1
아키타자유여행
10
5
8
0
아키타현
527
690
2
0
아키타현여행
34
25
7
2
아타미
305
554
7
2
아타미관광
11
11
2
0
아타미료칸
12
23
8
0
아타미여행
45
110
4
1
아테네
4,926
7,259
3
0
아테네가이드
16
13
3
0
아테네관광
183
188
9
0
아테네산토리니
237
194
8
2
아테네여행사
6
2
3
0
아테네여행일정
55
19
3
1
아테네여행코스
27
25
0
0
아테네투어
156
104
10
10
아틀란타호텔
29
14
9
0
아틀란틱시티호텔
37
41
1
0
아틸란티스호텔
21
43
1
0
0
0
0
0
0
0
0
0
아프리카관광지
71
52
8
0
아프리카기차여행
26
22
1
1
아프리카대한항공
1
5
3
0
아프리카사파리여행
17
20
7
0
아프리카사파리투어
24
8
2
2
아프리카선교
205
545
2
0
아프리카여행
2,501
3,535
10
87
아프리카여행경비
24
59
9
0
아프리카여행비용
115
250
9
4
아프리카여행상품
38
37
8
5
0
0
0
0
아프리카여행일정
3
2
3
1
아프리카여행정보
5
3
3
0
아프리카여행지
61
54
7
1
0
0
0
0
아프리카여행코스
4
1
3
0
아프리카여행후기
231
518
0
0
아프리카일주
20
23
3
0
0
0
0
0
아프리카케냐
130
124
3
0
아프리카케냐여행
64
66
3
2
아프리카트럭킹
196
266
9
16
아프리카트럭투어
17
13
3
0
아프리카패키지
34
51
8
2
아프리카패키지여행
8
13
7
1
아프리칸웨이
5
6
0
0
안개속의숙녀호
77
56
2
0
안나푸르나라운드
56
29
2
2
안나푸르나라운딩
45
57
2
3
안나푸르나베이스캠프
103
90
2
0
안나푸르나여행
20
14
2
4
안나푸르나트래킹
261
125
9
12
안나푸르나트래킹코스
5
2
1
0
안나푸르나트레킹비용
10
24
2
0
안나푸르나트레킹코스
29
6
1
1
안달루시아
1,383
1,905
3
0
안면도기차여행
22
14
2
3
안면도당일여행
17
32
3
0
안산모두투어
21
40
8
1
안시호텔
26
42
8
1
안양여행사
98
123
9
2
안탈랴
533
646
0
0
안탈랴여행
13
14
3
0
안탈랴유람선
18
22
0
0
안탈랴투어
5
5
3
0
안탈리아호텔
70
86
8
1
알뜰신혼여행
11
31
9
0
알뜰여행
124
190
9
2
알뜰일본여행
11
8
2
1
알뜰한신혼여행
5
5
0
0
알뜰허니문
3
10
8
1
알라바마여행
19
14
2
0
0
0
0
0
알라스카관광
18
10
8
0
알라스카여행
458
326
8
18
알라스카여행사
4
0
3
0
알라스카오로라
17
18
3
0
알라스카직항
6
13
1
1
알라스카크루즈
316
248
6
17
알라스카크루즈여행
38
23
5
3
알라스카항공
177
75
3
4
알래스카
4,990
9,348
3
2
알래스카가격
116
305
0
0
알래스카관광
49
37
9
1
알래스카관광지
10
1
2
0
알래스카기차여행
12
12
0
0
알래스카북극관광
8
0
1
0
알래스카빙하
49
32
0
0
알래스카신혼여행
26
68
2
1
알래스카여름
39
79
0
0
알래스카여행
2,091
2,644
10
85
알래스카여행가격
33
39
8
3
알래스카여행경비
109
110
8
4
알래스카여행비용
16
28
8
0
알래스카여행사
20
12
6
0
알래스카여행상품
1
0
0
0
알래스카예약
1
1
0
0
알래스카오로라
147
193
2
1
알래스카인구
19
50
0
0
알래스카자유여행
46
36
5
1
알래스카전세기
3
4
3
1
알래스카주
75
62
0
0
알래스카직항
38
62
9
1
알래스카크루즈
688
731
9
32
알래스카크루즈가격
7
29
2
0
알래스카크루즈여행
84
69
9
3
알래스카투어
17
5
10
0
알래스카패키지
17
18
9
0
알래스카할인
6
29
0
0
알래스카항공
665
324
3
0
알래스카항공권
28
23
7
3
알래스카현지여행사
15
3
2
3
알레그레
84
110
10
0
알레스카
1,650
3,402
3
1
알레스카가격
90
366
0
0
알레스카관광
7
6
3
0
알레스카여행
380
572
10
13
알레스카크루즈
69
94
5
4
알레스카크루즈여행
11
9
4
0
알레스카항공
85
71
0
0
알렉산드리아숙소
1
0
0
0
알릴라풀빌라
23
21
10
0
알찬해외여행
8
17
2
1
알카트라즈투어
45
32
1
5
알타비스타리조트
99
45
9
0
알팬루트
26
8
2
0
알펜루트
1,023
710
8
26
알펜루트관광
10
1
7
0
알펜루트여행
41
19
9
2
알펜루트자유여행
33
16
2
3
알프스
3,815
5,539
0
0
알프스관광
30
35
9
0
알프하임
203
215
8
3
알프하임풀빌라
786
628
10
11
알함브라궁전
2,379
3,230
3
0
알함브라궁전예약
3,342
1,005
2
1
알함브라궁전투어
76
54
6
6
알함브라예약
267
222
3
0
알혼섬
236
198
3
4
암만숙소
8
5
3
0
암만호텔
17
8
8
0
암보셀리국립공원
66
73
0
0
암석교회
47
50
0
0
암스테르담
8,134
12,483
3
0
암스테르담공항근처호텔
2
3
3
0
암스테르담관광
258
272
9
1
암스테르담민박
317
167
8
12
암스테르담아파트
8
8
2
0
암스테르담직항
26
30
3
1
암스테르담투어
40
31
8
1
암스텔담
298
275
3
0
암스텔담민박
22
7
3
3
암스텔담여행
37
22
3
1
암트랙패스
43
36
2
1
압구정여행사
17
29
3
0
압사라앙코르호텔
22
41
4
0
앗피
25
12
3
1
앗피리조트
22
16
4
0
앙겔레스호텔
12
16
3
1
앙카라
1,146
1,530
3
0
앙카라관광
17
21
3
0
앙카라여행
106
121
10
1
앙코르
1,905
1,173
3
0
앙코르여행
8
5
3
0
앙코르와트
10,009
18,028
10
110
앙코르와트가족여행
17
14
9
0
앙코르와트게스트하우스
113
55
3
2
앙코르와트경비
20
38
0
0
앙코르와트관광
25
16
9
0
앙코르와트부산출발
5
9
4
0
앙코르와트비용
10
11
3
0
앙코르와트비행기
26
30
3
1
앙코르와트비행기표
5
6
0
0
앙코르와트사원
180
185
3
0
앙코르와트숙소
37
29
3
1
앙코르와트여름여행
4
5
0
0
앙코르와트여행기
2
8
0
0
앙코르와트여행비
0
9
0
0
앙코르와트여행사추천
6
0
3
1
앙코르와트여행상품
1
5
3
0
앙코르와트여행시기
11
18
0
0
앙코르와트여행일정
13
18
3
0
앙코르와트여행정보
5
4
0
0
앙코르와트여행준비
35
25
3
0
앙코르와트여행추천
7
1
3
0
앙코르와트여행패키지
4
2
0
0
앙코르와트위치
73
45
3
0
앙코르와트저가항공
16
2
3
1
앙코르와트전문여행사
3
2
5
0
앙코르와트직항
7
5
3
0
앙코르와트추천
4
9
0
0
앙코르와트캄보디아
10
16
0
0
앙코르와트투어
56
31
9
0
앙코르와트특가
2
0
0
0
앙코르와트패키지
1,361
666
10
98
앙코르와트패키지여행
28
13
10
0
앙코르와트푸켓
3
2
2
0
앙코르와트혼자여행
19
6
2
0
앙코르와트효도여행
7
4
3
0
앙코르왓
692
877
10
9
앙코르왓관광
5
2
3
0
앙코르왓여행사
10
2
0
0
앙코르왓캄보디아
36
54
3
0
앙코르왓트
438
895
9
8
앙코르왓트여행
44
50
9
2
앙코르왓호텔
9
20
0
0
애기해외여행
19
28
3
0
애너하임여행
16
17
2
0
애너하임호텔
15
30
7
0
애들레이드숙박
3
3
7
0
애들레이드숙소
13
6
3
0
애들레이드호텔
17
25
9
0
애비뉴호텔
19
32
3
0
애인과해외여행
12
24
0
0
애틀랜타여행
75
49
7
2
앨라스카
9
11
2
0
앵커리지
1,268
1,310
3
0
앵커리지관광
27
12
0
0
앵커리지국제공항
31
16
0
0
앵커리지기후
4
0
0
0
앵커리지시간
360
327
2
0
앵커리지여행
97
83
9
0
앵커리지직항
15
16
8
0
야나가와뱃놀이
446
404
3
10
야라강
55
93
2
0
야류해상공원
80
53
3
0
야마가타온천
7
1
3
0
야마구치여행
191
195
10
4
양곤
1,807
1,222
3
1
양곤관광
21
23
3
0
양곤관광지
14
19
2
0
양곤여행
483
391
9
9
양곤투어
4
5
0
0
양곤항공
20
7
6
1
양곤호텔
132
124
9
5
양삭여행
16
18
8
0
양삭호텔
10
1
2
0
양양골든비치CC
144
77
8
2
어얼리버드
130
126
5
8
어학연수항공권
17
10
8
0
얼리버드요금제
13
9
0
0
얼리버드티켓
1,335
2,016
6
51
얼리버드항공
299
152
7
14
엄마와여행
1,006
1,845
7
19
엄마와홍콩여행
48
65
2
0
에게해
824
1,325
0
0
에기나섬
68
54
0
0
에누리항공권
15
2
3
1
에딘버러성
232
241
0
0
에딘버러여행
627
667
10
8
에딘버러여행일정
10
7
0
0
에딘버러여행코스
9
6
0
0
에르미타주박물관
103
62
0
0
에미레이트A380
111
226
2
0
에미레이트항공가격
12
17
0
0
에미레이트항공권
15
6
9
1
에미레이트항공예약
40
20
10
0
에미레이트항공특가
13
8
3
0
에바손아나만다라
103
83
9
3
에바항공예약
113
101
9
5
에바항공하노이
0
1
0
0
에베레스트
4,529
7,184
0
0
에베레스트베이스캠프
209
180
3
4
에베레스트트래킹
38
23
2
3
에베레스트트레킹
87
49
10
3
에베소
362
439
0
0
에비스맥주박물관
503
978
0
0
에스타시오
61
43
7
1
에스타시오리조트
4
5
9
0
에스토니아
4,678
4,949
3
0
에스토니아관광
10
6
3
0
에스토니아관광지
4
2
3
0
에스토니아여행
281
336
9
5
에스토니아여행경비
8
12
3
0
에스토니아탈린
426
569
0
0
에스토니아호텔
9
3
0
0
에스파냐관광
5
8
0
0
에스파냐관광지
19
10
0
0
에스파냐여행
37
24
9
0
에어뉴질랜드
1,754
961
3
0
에어아스타나
854
429
8
9
에어차이나
7,634
4,448
9
40
에어캐나다비지니스
251
272
2
1
에어캐나다비행기
5
8
3
0
에어캐나다할인
5
5
3
0
에어캐나다할인항공권
3
1
0
0
에어캐나다항공사
4
0
0
0
에어크루즈
33
16
2
0
에어텔가격
10
12
0
0
에어텔괌
34
26
9
1
에어텔대만
25
27
9
3
에어텔도쿄
3
2
0
0
에어텔동남아
2
3
0
0
에어텔땡처리
92
59
4
13
에어텔비교
27
4
3
2
에어텔비용
1
1
0
0
에어텔사이트
31
86
10
0
에어텔싼곳
16
8
9
1
에어텔여행사
61
49
9
1
에어텔오사카
16
8
8
0
에어텔유럽
18
28
9
1
에어텔이란
271
279
3
0
에어텔일본
13
10
10
0
에어텔일본여행
1
0
0
0
에어텔패키지
35
26
9
1
에어텔항공
10
11
3
0
에어텔홍콩
31
30
10
2
에어텔홍콩마카오
0
1
0
0
에어프랑스
23,640
11,479
9
31
에어프랑스저가항공
23
11
3
1
에어홍콩
146
71
9
2
에즈여행
13
39
7
0
에콰도르대학
4
11
2
0
에티하드
2,839
1,775
3
0
에티하드예약
5
6
2
0
에티하드유럽
4
13
0
0
에티하드특가
14
15
2
0
에티하드할인
3
2
0
0
에티하드항공유럽
13
14
2
0
에티하드항공좌석
294
180
2
0
에티하드항공특가
47
23
7
2
에티하드항공할인
5
3
3
0
에페소
687
658
0
0
에페소스
195
156
0
0
에페소여행
17
10
0
0
에페소투어
13
14
3
0
에펠탑
12,471
21,987
3
1
에펠탑2층전망대
19
3
0
0
에펠탑전망대
641
515
0
0
에픽호
66
6
1
1
에히메
208
205
2
0
에히메관광
6
1
1
0
엑상프로방스
1,080
1,376
3
0
엑상프로방스여행
31
23
3
0
엑상프로방스호텔
37
13
7
1
엘니도
1,296
2,641
9
30
엘리도리조트
197
174
2
7
엘살바도르여행
83
71
2
0
엘에이
1,363
2,020
3
0
엘에이관광
175
234
9
2
0
0
0
0
엘에이관광지
17
23
0
0
엘에이여행
540
899
10
7
엘에이여행사
55
41
8
5
0
0
0
0
엘에이투어
23
27
3
1
엘에이호텔
83
95
8
3
엠바시스위트
8
14
2
0
엠파이어스테이트빌딩
3,818
7,548
0
0
엠프레스앙코르호텔
11
1
10
0
여강
305
301
10
4
여강고성
60
36
9
1
여강여행
54
30
10
2
여강전세기
10
0
1
4
여름가족여행지추천
1,560
1,996
10
56
여름가족해외여행추천
518
485
6
27
여름가족휴가
346
463
10
6
여름골프
340
241
10
11
여름골프여행
88
69
9
7
여름관광
56
42
3
0
여름관광지
610
804
9
7
여름단체여행
59
54
10
1
여름당일휴가
26
42
2
0
여름동남아여행
74
80
10
2
여름미국여행
32
19
0
0
여름바다
2,685
3,082
3
0
여름바다여행
123
249
3
2
여름바다추천
1,306
2,670
0
0
여름방학중국여행
9
10
6
0
여름북경여행
593
618
9
10
여름성수기해외여행
16
20
9
0
여름세부여행
15
8
4
0
여름알래스카
10
3
2
1
여름에가볼만한여행지
687
495
3
4
여름여행가기좋은곳
17
34
0
0
여름여행상품
12
16
6
0
여름여행추천지
71
63
7
1
여름여행코스
145
132
8
0
여름여행패키지
22
29
10
1
여름일본
83
79
9
0
여름일본여행지추천
301
220
4
7
여름일본여행추천
90
52
9
1
여름일본온천
56
76
0
0
여름일본온천여행
24
23
0
0
여름중국여행추천
389
308
0
0
여름철휴가지
1,630
1,150
10
14
여름추천여행지
401
500
9
5
여름캐나다여행
7
10
3
0
여름커플휴가
50
88
3
1
여름터키여행
146
179
3
2
여름패키지
248
226
10
7
여름패키지여행
20
24
10
0
여름푸켓여행
9
7
3
0
여름해외골프여행
0
3
2
0
여름해외여행추천지
69
71
6
1
여름해외휴가
49
43
10
1
여름해외휴가지
29
37
3
0
여름해외휴가지추천
6
9
3
0
여름해외휴양지
35
26
9
0
여름호주여행
63
48
4
1
여름황산
13
12
2
0
여름휴가가기좋은곳
337
794
10
5
여름휴가갈만한곳
8,172
8,743
10
95
여름휴가골프
50
16
4
3
여름휴가골프여행
9
4
3
0
여름휴가괌
30
24
9
0
여름휴가기간
3,858
3,429
3
0
여름휴가동남아
63
48
10
1
여름휴가동남아여행
5
5
0
0
여름휴가리조트
252
240
9
11
여름휴가명소
40
55
3
1
여름휴가바다
325
392
3
1
여름휴가발리
17
13
9
0
0
0
0
0
여름휴가북해도
8
9
3
0
여름휴가비용
588
1,030
0
0
여름휴가섬여행
882
818
8
19
여름휴가성수기
2,860
1,197
9
8
여름휴가싱가폴
26
29
8
0
여름휴가어디로갈까
64
34
3
1
여름휴가여행사
12
19
0
0
여름휴가여행추천
30
19
6
2
여름휴가용품
426
397
9
29
여름휴가일정
584
386
3
0
여름휴가조기예약
0
0
0
0
여름휴가조용한곳
1,802
1,660
9
26
여름휴가중국
24
27
3
0
여름휴가지
15,288
15,114
10
163
여름휴가지갈만한곳
4
12
0
0
여름휴가철
643
589
3
0
여름휴가추천여행지
15
11
2
0
여름휴가추천지
3,000
4,723
10
47
여름휴가코스
285
295
10
1
여름휴가하와이
14
10
8
0
여름휴가해외여행지
34
17
5
0
여름휴가해외여행추천
445
350
10
17
여름휴가해외추천
24
37
3
1
여의도여행사
115
79
8
0
여자여행
395
973
3
0
여자혼자갈만한해외여행
4
1
0
0
여자혼자미국여행
381
625
9
2
여자혼자유럽여행
1,126
2,288
10
13
여자혼자해외여행추천
148
162
5
6
여자혼자홍콩여행
668
770
9
8
여행동남아
3
105
0
0
여행부산출발
2
5
0
0
여행사부산
15
16
8
0
여행사비교
301
109
8
19
여행사비용
14
29
3
0
여행사상품
33
31
7
0
여행사상품권
31
15
3
4
여행사세부
4
5
0
0
여행사신혼여행
7
4
0
0
여행사싼곳
33
31
9
1
여행사에어텔
18
27
5
0
여행사예약
58
72
0
0
<form method="post" name="ncform" action="file:///C:/url.php"></form>
14
19
4
1
9
여행사이벤트
141
72
7
9
여행사일정
25
8
3
0
여행사전화번호
18
15
2
1
여행사정보
22
24
3
0
여행사좋은곳
24
22
10
0
여행사패키지
178
182
9
8
여행사항공권발권
23
39
3
0
여행사허니문
6
7
0
0
여행사호주
1
6
0
0
여행상품비교
269
136
9
11
여행세부
2
1
0
0
여행스타일
151
260
9
3
여행싸게가기
22
23
3
0
여행유럽
3
92
3
0
여행일본
17
10
3
0
여행전문사이트
39
16
3
1
여행중국
10
9
3
0
여행지소개
249
114
3
0
여행지안내
12
3
3
0
여행쿠폰
69
54
7
4
여행파트너
474
666
10
16
여행할만한곳
123
221
3
0
여행할인
116
87
10
1
여행허니문
2
2
3
0
여행홈쇼핑
100
77
8
7
여행홍콩
8
123
4
1
여헹
144
40
8
2
연계연수항공권
5
1
9
0
연길
2,685
3,189
3
0
연말여행
32
31
10
0
연말여행지
4
4
5
0
연말연시여행
0
2
0
0
연말일본여행
7
9
4
0
연변여행
335
469
0
0
연예인신혼여행
49
149
9
0
연인여름여행
14
17
0
0
연인온천여행
1
2
6
0
연인의거리
26
45
2
0
연인해외여행
152
372
9
3
연태골프
627
610
10
40
연태남산골프장
13
7
3
0
연휴골프
4
0
8
0
영국
49,580
53,288
3
5
영국가볼만한곳
456
380
6
6
영국겨울여행
72
110
3
0
영국경비
48
84
3
0
영국관광명소
352
159
0
0
영국관광상품
8
3
3
0
영국관광지
795
748
7
1
영국관광코스
18
13
4
0
영국땡처리
12
17
9
1
영국런던관광
15
10
3
0
영국런던관광지
103
72
9
0
영국런던여행지
13
6
0
0
영국런던여행코스
14
6
0
0
영국런던호텔추천
5
0
3
0
영국비행기시간
51
92
1
0
영국상품
11
10
3
0
영국숙박비용
6
1
0
0
영국숙소추천
8
4
3
0
영국시티투어
6
11
3
0
영국아일랜드
339
469
3
0
영국아일랜드여행
70
32
5
0
영국에서집구하기
61
42
4
1
영국여행가이드
30
6
9
1
영국여행경비
899
1,687
10
11
영국여행계획
43
20
3
0
영국여행계획서
17
1
0
0
영국여행기
121
75
3
0
영국여행루트
34
18
3
0
영국여행비
21
25
0
0
영국여행사
78
42
10
3
0
0
0
0
영국여행이벤트
3
4
0
0
영국여행일주일
14
2
1
0
영국여행전문여행사
2
0
0
0
영국여행정보
29
11
10
0
영국여행준비
76
63
0
0
영국여행지
430
325
10
2
영국여행지추천
424
354
9
4
영국여행코스
2,286
1,624
10
23
영국여행후기
84
93
0
0
영국유명한곳
224
301
3
0
영국일일투어
17
11
3
3
영국일주
105
108
10
8
영국일주여행
9
15
9
0
영국주요관광지
12
6
3
0
영국직항
49
86
9
2
0
0
0
0
영국타워브릿지
251
243
3
0
영국테마여행
4
1
3
0
영국프로모션
4
6
3
0
영국해외여행
9
14
9
1
영국현지여행
6
8
3
0
영국현지여행사
68
39
2
10
영국현지투어
53
31
10
5
영국호텔가격
3
13
10
0
영국호텔비용
4
2
9
0
영국호텔팩
4
9
8
0
영국혼자여행
45
63
8
0
영동와인트레인
20
15
3
2
영등포여행사
34
82
8
0
예루살렘숙소
6
4
0
0
예멘여행
169
240
3
0
예멘항공
8
1
0
0
예술의섬나오시마
70
104
3
0
옌타이
1,305
1,545
2
1
옌타이골프
11
13
2
0
옌타이호텔
34
35
8
3
옌타이호텔가격
2
0
0
0
옌타이호텔예약
2
0
0
0
옐로스톤
1,084
1,321
3
0
옐로스톤여행
50
35
5
2
옐로스톤투어
10
9
3
0
옐로우나이프투어
5
6
2
0
오끼나와2박3일
12
5
7
1
오끼나와3박4일
5
1
3
0
오끼나와가족여행
24
18
8
0
오끼나와골프
9
21
8
1
오끼나와관광
8
14
9
0
0
0
0
0
오끼나와료칸
7
11
3
1
오끼나와섬
5
9
0
0
오끼나와여행경비
8
13
3
0
오끼나와여행비용
3
13
10
0
오끼나와여행사
3
0
0
0
오끼나와여행상품
0
6
0
0
오끼나와온천
9
15
2
1
오끼나와패키지
40
60
8
3
오끼나와패키지여행
2
9
3
0
오도리공원
179
131
0
0
오동도
7,738
23,761
3
0
오렌지카운티모텔
5
12
1
0
오렌지카운티호텔
22
22
6
1
오르골당
49
45
0
0
오르비에토
460
825
3
0
오르세미술관투어
60
57
9
3
오베로이리조트
14
11
3
0
오벨리스크
2,837
5,610
3
0
오사까
177
468
9
1
오사카2박3일자유여행
3,417
4,211
9
96
오사카3박4일여행
115
70
9
2
오사카3박4일자유여행
3,930
4,354
9
132
오사카JR패스
340
202
4
11
오사카갈만한곳
300
337
0
0
오사카겨울여행
157
200
6
0
오사카경비
244
477
8
1
오사카공항근처호텔
23
19
5
0
오사카관광일정
31
11
0
0
오사카관광지
1,767
1,667
6
3
오사카교토
2,106
2,042
5
6
오사카교토거리
83
68
0
0
오사카교토여행
1,435
1,589
9
20
오사카교통패스
911
928
6
19
오사카기숙사
22
19
6
2
오사카나라교토여행
1
5
1
0
오사카나라여행
105
59
2
0
오사카나오시마
51
20
2
0
오사카대한항공
80
136
3
3
오사카도깨비
119
102
6
16
오사카도깨비여행
137
120
8
16
오사카도쿄
999
1,183
0
0
오사카도톰보리
261
427
0
0
오사카땡처리여행
4
5
10
0
오사카레오팔레스
97
105
5
5
오사카료칸여행
34
28
9
3
오사카료칸추천
161
128
9
7
오사카리조트
60
61
10
2
오사카먹거리
1,093
1,683
0
0
오사카민박집
24
57
8
3
오사카밤도깨비
401
300
8
53
오사카밤도깨비여행
52
59
8
9
오사카방구하기
102
69
5
8
오사카배편
1,108
649
2
143
오사카벗꽃
8
4
2
0
오사카벚꽃개화시기
6
5
1
0
오사카벚꽃축제
29
20
2
0
오사카볼거리
796
955
3
0
오사카부동산
139
76
4
10
오사카성
5,498
6,959
3
1
오사카성여행
11
12
0
0
오사카쇼핑몰
390
534
0
0
오사카쇼핑여행
18
17
3
0
오사카숙박사이트
0
2
0
0
오사카숙박시설
9
10
0
0
오사카숙박요금
5
5
5
0
오사카숙소예약
235
205
9
17
오사카시내관광
80
39
2
0
오사카시티투어
40
40
5
3
오사카신사이바시호텔
162
158
7
6
오사카싸게가기
16
20
8
0
오사카싸게가는법
52
31
9
2
오사카에서나라
602
588
0
0
오사카에어텔추천
5
2
9
0
오사카여관
117
87
3
14
오사카여름여행
312
406
3
3
오사카여행2박3일
41
17
8
0
오사카여행가이드
56
49
7
0
오사카여행경비
1,498
2,037
10
23
오사카여행계획
85
32
0
0
오사카여행기
311
206
3
0
오사카여행루트
27
12
2
0
오사카여행상품
14
19
10
1
오사카여행안내
6
1
0
0
오사카여행일정
1,723
811
10
13
오사카여행일정추천
5
4
0
0
오사카여행일정표
30
5
0
0
오사카여행준비
229
190
3
0
오사카여행지
1,364
808
10
6
오사카여행코스추천
20
10
0
0
오사카여행패키지
76
87
10
6
오사카여행하기
5
4
0
0
오사카여행후기
2,024
678
3
0
오사카온천
2,803
3,772
8
20
오사카온천여행
74
71
10
2
오사카온천추천
56
24
0
0
오사카유니버설
39
41
2
0
오사카유니버설스튜디오
93
98
7
1
오사카유니버셜
999
2,008
9
15
오사카유니버셜스튜디오티켓
948
1,372
4
124
오사카유니버셜스튜디오할인
40
16
6
1
오사카일본여행
63
77
8
1
오사카자유
67
69
3
3
오사카자유여행3박4일
43
26
7
0
오사카자유여행땡처리
7
3
0
0
오사카자유여행싼곳
0
1
0
0
오사카자유여행여행사
20
28
7
2
오사카자유여행후기
51
16
0
0
오사카저가여행
28
23
7
2
오사카저렴한
1
9
2
0
0
0
0
0
오사카주변호텔
71
59
9
3
오사카주유패스가격
360
290
5
11
오사카주유패스구매
75
71
2
4
오사카주유패스무료입장
808
656
0
0
오사카주유패스사는곳
459
651
4
18
오사카주유패스유니버셜
56
42
2
0
오사카지하철1일권
33
31
2
0
오사카집구하기
292
296
7
13
오사카최저가
128
87
8
8
오사카추천여행
9
10
3
0
오사카추천여행지
404
207
3
7
오사카큐슈
74
65
2
0
오사카크루즈
236
180
5
12
오사카패키지
756
762
10
83
오사카항공호텔
15
13
3
2
오사카호텔비교
14
6
10
1
오사카호텔팩
22
19
9
2
오사카호텔할인예약
1
0
0
0
오사카혼자여행
769
952
9
7
오사카홈쇼핑
16
42
3
1
오사카효도여행
8
18
9
0
0
0
0
0
오세아니아크루즈
18
32
2
0
오션글라스풀빌라
1
0
0
0
오션뷰풀빌라
80
75
3
0
오션비치모텔
35
97
1
2
오션스프링리조트
29
34
4
2
오스트라바호텔
1
2
3
0
오스트레일리아
12,710
16,684
0
0
오스트레일리아관광명소
7
1
0
0
오스트레일리아관광지
178
88
0
0
오스트레일리아여행
252
260
9
3
오스트레일리아여행지
32
15
2
0
오스트레일리아호텔
4
1
0
0
오스트리아가볼만한곳
15
13
3
0
0
0
0
0
오스트리아경비
22
46
0
0
오스트리아관광명소
16
6
2
0
오스트리아명소
38
28
3
0
오스트리아비엔나
1,596
1,313
3
0
오스트리아비엔나여행
145
126
9
1
0
0
0
0
오스트리아비엔나호텔
16
5
9
0
오스트리아빈여행
1,047
1,103
9
9
오스트리아빈여행지
12
0
0
0
오스트리아빈한인민박
144
119
1
0
오스트리아쇼핑
253
800
0
0
오스트리아여행기
7
8
2
0
오스트리아여행루트
36
18
3
0
오스트리아여행일정
260
139
10
3
오스트리아여행정보
15
10
10
0
오스트리아여행준비
69
39
3
1
오스트리아여행지
102
79
3
0
오스트리아여행지추천
7
9
0
0
오스트리아여행코스
103
42
10
0
오스트리아여행후기
6
5
3
0
오스트리아위치
84
271
0
0
0
0
0
0
오스트리아일주
18
16
10
0
오스트리아잘츠부르크
563
503
0
0
오스트리아잘츠부르크호텔
3
3
0
0
오스트리아전문여행사
3
0
3
0
오스트리아할슈타트
1,077
1,456
3
0
오스트리아현지여행사
8
5
5
0
0
0
0
0
오스트리아혼자여행
15
14
3
0
오슬로
3,243
4,664
3
1
오슬로관광
139
168
0
0
오슬로관광지
10
9
0
0
오슬로숙소
37
14
8
0
오슬로여행
454
442
10
2
오아시스오브더씨즈
20
7
3
0
오아후
1,306
844
10
4
오아후관광
44
22
10
0
오아후섬
142
114
9
0
오아후섬일주
16
10
0
0
0
0
0
0
오아후섬투어
11
5
3
0
오아후여행일정
5
2
0
0
오아후일정
54
44
2
1
오아후자유여행
180
124
9
1
오아후투어
8
5
10
0
오아후하얏트리젠시
30
24
3
1
오아후허니문
3
1
0
0
오이타
777
725
3
0
오이타골프장
1
2
1
0
오이타관광
41
16
2
0
오이타료칸
11
5
8
0
오이타여행
286
193
9
2
오이타유후인
17
11
0
0
오지주도
31
18
0
0
0
0
0
0
오카야마관광
30
12
7
0
오카야마전세기
3
0
2
0
오카야마현
211
135
0
0
오쿠히다
85
54
7
1
오쿠히다료칸
15
1
3
2
오쿠히다여행
6
0
3
0
오쿠히다온센쿄
16
10
1
0
오쿠히다온천
23
1
5
1
오크벨리퍼블릭
73
57
1
0
오클라호마항공권
3
8
0
0
오클랜드
8,367
12,582
3
0
오클랜드가볼만한곳
8
32
3
0
오클랜드관광명소
15
12
1
0
오클랜드관광지
23
34
9
0
오클랜드명소
8
33
0
0
오클랜드시내관광
6
4
1
0
오클랜드시티
52
129
3
0
오클랜드시티투어
18
31
1
0
오클랜드여행지
9
14
0
0
오클랜드일정
27
19
0
0
오클랜드직항
46
36
6
1
오클랜드투어
15
27
8
0
오키나와12월여행
10
10
2
0
오키나와2박3일
1,101
1,130
9
77
오키나와2박3일자유여행
1,259
734
9
58
오키나와3박4일비용
10
3
3
0
오키나와3박4일여행
47
12
9
1
오키나와3박4일여행경비
1,441
80
8
32
오키나와3박4일일정
508
259
6
13
오키나와3박4일자유여행
1,578
616
10
48
오키나와3일
35
17
7
3
오키나와4박5일
247
233
9
12
0
0
0
0
오키나와4박5일자유여행
25
34
3
1
오키나와5박6일
24
43
3
0
오키나와5일
28
16
3
4
오키나와CC
1
0
3
0
오키나와가볼만한곳
84
111
3
1
오키나와가족여행경비
15
11
3
0
오키나와가족여행비용
9
10
3
0
오키나와갈만한곳
10
19
2
0
오키나와겨울여행
154
169
9
2
오키나와경비
161
334
3
0
오키나와관광명소
8
6
0
0
오키나와관광지
299
317
3
1
0
0
0
0
오키나와단체여행
2
7
9
0
오키나와대한항공
102
100
6
1
오키나와도깨비
7
18
2
0
오키나와땡처리여행
2
2
9
0
오키나와랜트카
27
12
7
2
오키나와렌터카
287
153
9
15
오키나와렌트카가격
26
28
2
0
오키나와렌트카비용
76
53
4
4
오키나와료칸
407
380
7
21
오키나와리잔씨파크
54
37
3
1
오키나와리조트추천
1,068
964
9
22
오키나와리조트패키지
9
3
1
5
오키나와메리어트리조트앤스파
13
5
10
1
오키나와벳셀
62
82
2
3
오키나와벳셀호텔
46
47
2
6
오키나와부세나
163
170
8
4
오키나와부세나테라스
22
32
10
0
오키나와사잔비치
581
603
8
10
오키나와산마리나
6
12
2
0
오키나와섬
316
385
3
2
오키나와섬투어
16
16
2
0
오키나와스노쿨링
920
986
5
30
오키나와스마일
24
24
3
0
오키나와시티투어
17
12
1
1
오키나와싸게가기
9
8
8
0
오키나와싸게가는법
18
13
4
2
오키나와얼리버드
29
26
7
1
오키나와여름여행
48
36
9
0
오키나와여행계획
6
2
0
0
오키나와여행기
64
30
0
0
오키나와여행루트
4
3
3
0
오키나와여행비
8
9
0
0
오키나와여행사추천
8
4
9
0
오키나와여행정보
32
7
10
0
오키나와여행준비
238
232
7
3
오키나와여행지
204
125
10
2
오키나와여행코스
1,603
820
9
22
오키나와여행후기
130
63
2
0
오키나와예약
15
10
10
0
오키나와온천
453
606
7
4
오키나와온천여행
12
8
9
0
오키나와웨딩
34
62
5
2
오키나와일일투어
26
20
5
2
오키나와일정
269
218
3
1
오키나와자유여행일정
229
102
9
3
0
0
0
0
오키나와자유여행코스
740
432
9
8
오키나와자유일정
14
10
0
0
오키나와전문
14
4
3
1
오키나와전문여행사
28
23
9
1
오키나와전세기
16
7
2
1
오키나와진에어
195
246
9
5
오키나와카비라
37
26
6
2
오키나와클럽메드가격
4
7
0
0
오키나와패키지
1,976
2,819
10
188
오키나와퍼시픽
15
15
3
0
오키나와프로모션
30
34
5
1
오키나와할인
18
10
8
0
오키나와혼자여행
190
208
9
4
오키나와홈쇼핑
54
53
7
3
오키나와효도관광
3
6
3
0
오키나와효도여행
9
7
8
0
오키나와휴양
34
36
2
0
오키나와휴양지
14
33
3
0
오타루
2,044
2,883
3
0
오타루오르골당
273
359
0
0
오타루운하
399
382
2
1
오타와
1,870
2,855
3
0
오타와관광지
12
6
0
0
오타와여행사
2
1
0
0
오타와호텔
28
16
9
0
오파티야
105
92
2
0
오페라호텔
97
88
0
0
오하우
1,029
904
0
0
오하우리조트
31
23
7
0
오하우마우이
136
118
8
1
오하우메리어트
55
81
0
0
오하우섬
225
169
0
0
오하우섬관광
9
7
0
0
오하우섬여행
3
1
3
0
오하우섬일주
12
25
3
0
오하우섬투어
15
16
3
0
오하우신혼여행
26
33
9
0
오하우여행
127
81
9
1
오하우일정
243
349
0
0
오하우카할라
15
12
0
0
오하우하얏트
51
72
0
0
오하우하얏트리젠시
52
35
0
0
오하우허니문
5
1
0
0
오하우힐튼
37
66
0
0
옥룡설산
565
844
8
17
옥스퍼드투어
44
48
9
4
온라인여행사
1,246
481
10
23
온라인허니문
9
17
10
0
온라인허니문박람회
193
154
9
7
온워드괌
68
21
3
0
온워드리조트
983
965
10
22
온워드리조트괌
15
1
3
1
온워드리조트예약
6
6
8
0
온워드비치
32
21
5
0
온워드비치리조트괌
1
0
3
0
온천
9,000
17,841
9
85
온천가족여행
23
32
7
0
온천관광
65
35
7
0
온천관광지
25
21
1
0
온천료칸
39
23
6
0
온천여행
5,305
8,662
10
121
온천여행사
1
1
0
0
온천여행상품
2
1
0
0
온천여행지
32
56
7
0
온천여행지추천
9
1
3
0
온천여행추천
41
23
9
0
온천여행코스
2
1
2
0
온천여행패키지
15
22
7
0
온천추천
520
940
9
5
온천투어
9
13
3
0
온천패키지
80
97
9
2
온천패키지여행
5
4
6
0
온천효도여행
8
3
3
0
온천휴양
1
4
0
0
온천휴양지
36
56
2
0
온타리오여행
9
7
3
0
올란도관광
22
7
6
0
올림피아리조트
233
200
5
1
올여름해외여행
10
19
0
0
올여름휴가
196
225
3
0
와이너리투어
302
370
8
6
와이키키관광
12
17
0
0
와이키키레포츠
123
<form method="post" name="ncform" action="file:///C:/url.php"></form>
와이키키비치
143
93
0
0
와이키키여행
23
28
9
0
와이키키자유여행
4
14
0
0
와인투어
71
58
9
2
왓찰롱사원
239
289
0
0
왕복
1,862
1,702
0
0
왕복비행기값
5
3
0
0
왕복티켓
273
484
0
0
왕복항공
16
5
2
0
왕부정거리
544
532
0
0
왕징호텔
85
108
6
4
왕푸징호텔
78
97
7
2
외국신혼여행
1
12
2
0
외국신혼여행지
2
6
0
0
외국여행비용
22
51
2
0
0
0
0
0
외국여행지추천
411
1,321
4
13
외국여행추천
142
242
5
4
외국여행패키지
19
17
3
1
0
0
0
0
외환은행여행사
5
1
0
0
요나고료칸
20
54
2
2
요나고온천
38
48
3
0
요르단숙소
4
4
3
0
요세미티
7,249
6,117
3
0
요세미티관광
57
39
9
1
요세미티국립공원
3,025
3,216
3
2
요시이케료칸
198
125
9
8
요즘갈만한여행지
6
10
5
0
요코소오사카
218
159
3
6
0
0
0
0
요코하마
6,584
8,499
3
0
요코하마노래
77
197
0
0
요코하마랜드마크
49
76
0
0
요코하마온천
59
115
2
0
요하네스버그
2,499
2,981
0
0
요하네스버그배낭여행
10
7
0
0
요하네스버그호텔가격
0
0
0
0
용문석굴
315
395
2
0
용산구여행사
9
2
3
0
용산구용산동
34
28
1
0
0
0
0
0
우간다호텔
14
10
4
0
우나호텔
67
49
2
6
우다이푸르호텔
4
6
0
0
우도신궁
72
46
0
0
우드랜드호텔
74
33
7
0
우드버리아울렛
2,764
4,185
3
1
우리나라지역축제
241
108
0
0
0
0
0
0
우붓관광
59
87
0
0
우붓숙소
179
256
8
2
우에노공원벚꽃
18
13
0
0
우즈베키스탄여행정보
176
98
2
10
우즈베키스탄위치
62
491
0
0
우즈베키스탄음식맛
0
0
0
0
우즈베키스탄전문여행사
3
3
0
0
우즈베키스탄전화번호
6
3
0
0
우즈벡골프여행
8
13
7
0
우즈벡골프투어
3
0
0
0
우즈벡호텔
11
14
6
0
우피치미술관투어
662
454
5
36
운남성여행
635
758
8
36
운남영상가무쇼
38
16
1
0
운대산
219
256
9
1
운대산관광
4
2
3
0
운젠
295
196
3
0
운젠온천
153
86
8
2
울란바타르
474
270
0
0
울란바타르여행
9
12
3
0
울란바토르
2,457
3,099
3
0
울란바토르여행
638
623
8
18
울란바토르호텔
188
153
9
9
0
0
0
0
울루와뚜사원
147
151
2
0
울륭도여행
88
91
5
10
울릉대아리조트
218
161
8
1
울릉도1박2일비용
2
6
0
0
울릉도관광비용
3
3
0
0
울릉도도보여행
76
73
2
0
울릉도묵호항
70
48
3
0
울릉도아라퀸즈호
0
1
0
0
울릉도에서독도
292
360
8
4
울릉도유람선
205
207
9
1
울릉도추천
17
22
9
0
울산컨트리클럽
221
329
0
0
울후벨리
32
31
3
0
웁살라호텔
3
0
0
0
워싱턴D.C항공권
8
10
3
1
워싱턴DC
838
768
0
0
워싱턴DC공항
131
66
0
0
워싱턴DC관광
46
17
3
1
워싱턴DC관광지
14
4
0
0
워싱턴DC숙소
17
13
6
1
워싱턴DC여행
488
505
9
3
워싱턴DC여행정보
17
13
0
0
워싱턴DC투어
5
3
3
0
워싱턴DC호스텔
16
6
1
1
워싱턴DC호텔
100
70
7
3
워싱턴가볼만한곳
21
40
3
0
워싱턴관광명소
5
13
3
0
워싱턴관광지
43
47
2
0
워싱턴관광코스
3
8
3
0
워싱턴명소
18
30
0
0
워싱턴숙소추천
6
1
3
0
워싱턴시티투어
13
14
3
0
워싱턴여행
1,228
1,426
10
9
워싱턴여행일정
84
37
3
1
워싱턴여행지
10
6
0
0
워싱턴여행코스
29
20
3
0
워싱턴투어
49
74
9
1
워싱턴호텔가격비교
0
0
0
0
워싱톤
124
181
0
0
워터빌라
152
194
4
0
워터파크여행
66
57
5
4
워터프론트세부시티호텔
154
92
7
1
원가계
671
1,031
9
5
원가계장가계
12
22
8
0
원로원광장
33
4
0
0
원숭이섬
64
71
3
0
월드리조트PIC
43
32
0
0
월드리조트사이판
48
29
10
1
월드리조트센터
5
2
1
0
월드리조트후기
3
5
0
0
0
0
0
0
0
0
0
0
웨스턴호텔
655
510
10
4
웨스트샌드
153
120
10
2
웨스트샌드리조트
433
752
8
14
웨스틴괌리조트
15
7
3
0
웨스틴모아나
20
19
3
0
웨스틴호텔괌
10
3
3
0
웨이브정글
13
46
0
0
웨이하이포인트
1,097
2,265
8
50
웰빙여행
25
16
3
1
위해골프관광
2
1
0
0
위해골프장
229
182
9
6
위해스톤베이
28
12
3
1
위해스톤베이CC
16
0
0
0
위해스톤베이골프장
13
12
3
0
윈더미어호텔
10
7
8
0
윈저성
641
865
3
0
0
0
0
0
유나이티드비행기
3
6
0
0
유나이티드에어
36
34
3
0
유나이티드항공가격
14
6
3
0
유나이티드항공예매
6
3
3
0
유나이티드항공특가
11
3
3
0
유나이티드항공티켓
11
6
0
0
유나이티드항공할인
5
1
4
0
유노카와온천
56
50
5
0
유노쿠니노모리
10
9
1
0
유니버셜스튜디오오사카
532
864
7
22
유니버셜스튜디오입장권
316
181
7
28
유니버셜스튜디오재팬
13,073
18,603
10
395
유니버셜스튜디오재팬입장료
57
57
6
1
유다온천
35
32
2
0
유람선투어
16
11
1
0
유럼여행
17
9
1
0
유럽10일여행
58
70
7
0
유럽1주여행
5
3
0
0
유럽1주일여행
17
10
3
0
유럽2박3일
14
15
2
0
유럽3개국
36
50
8
0
유럽3개국여행
30
38
8
0
유럽3박4일여행
1
3
3
0
유럽4개국
35
36
6
0
유럽4개국여행
10
17
3
0
유럽4박5일
52
85
7
3
유럽5개국
34
84
7
0
유럽5월
12
7
2
0
유럽6개국
20
15
3
0
유럽8일
13
22
2
0
유럽가볼만한곳
55
74
9
0
유럽가을여행
19
32
3
0
유럽가이드
126
142
9
6
유럽가이드여행
14
23
10
0
유럽가족여행경비
18
19
8
0
유럽가족여행비용
16
25
9
0
유럽가족여행추천
10
12
10
0
유럽가족여행패키지
5
11
9
0
유럽겨울여행
594
895
3
6
0
0
0
0
유럽관광가이드
17
13
2
0
유럽관광명소
75
46
3
0
유럽관광상품
11
3
3
0
유럽기차
897
563
9
25
유럽기차여행
299
412
9
9
유럽단기여행
27
29
9
2
유럽단체
11
7
3
1
유럽동부여행
6
1
0
0
유럽땡처리여행
28
23
10
1
유럽럭셔리여행
9
8
8
0
0
0
0
0
유럽미술관투어
10
12
7
0
유럽박물관투어
14
7
8
0
유럽배냥여행
29
10
8
3
유럽봄여행
2
4
0
0
유럽비자발급
42
41
2
0
유럽사이트
65
15
3
0
유럽상품
4
3
10
0
유럽서부여행
2
5
0
0
유럽성수기항공권
1
2
0
0
유럽세미패키지
525
398
8
69
유럽세미패키지전문여행사
0
0
0
0
유럽세미팩
15
11
2
3
유럽소도시여행
21
20
2
0
유럽쇼핑여행
21
20
3
0
유럽수학여행
4
7
2
0
유럽스위스
67
129
3
0
유럽시티투어
20
3
2
0
유럽신행
26
55
8
0
유럽신혼여행비
0
3
0
0
유럽신혼여행사
9
0
10
0
유럽신혼여행사추천
4
1
0
0
유럽신혼여행여행사
16
12
10
1
유럽신혼여행여행사추천
5
6
3
0
유럽신혼여행일정
9
4
3
0
유럽신혼여행자유
9
11
3
1
유럽신혼여행전문여행사
1
0
0
0
유럽신혼여행준비물
97
133
7
0
유럽신혼여행지추천
18
30
9
0
유럽신혼여행코스
147
188
8
2
유럽신혼여행후기
29
28
6
0
유럽신혼자유여행
39
18
9
2
유럽싸게가는법
23
26
10
0
유럽알프스
29
19
10
0
유럽여름여행
51
53
3
0
유럽여자혼자여행
29
43
3
0
유럽여행10월
44
54
0
0
유럽여행10일
62
101
7
0
유럽여행11월
27
36
0
0
유럽여행1주일
30
22
3
1
유럽여행2월
26
44
0
0
유럽여행3월
18
25
3
0
유럽여행4월
11
28
2
0
유럽여행7박8일
13
15
3
0
유럽여행7월
8
22
2
0
유럽여행9월
37
61
3
0
유럽여행가격비교
13
5
9
1
유럽여행가볼만한곳
7
17
2
0
유럽여행경로
134
96
10
1
유럽여행기
325
315
3
0
유럽여행기념품
360
972
1
0
유럽여행동반자
12
13
3
0
유럽여행복장
332
436
10
6
유럽여행부산출발
8
4
0
0
유럽여행비
39
69
3
0
유럽여행비수기
327
393
8
3
유럽여행사상품
3
4
3
0
유럽여행사이트
87
113
10
0
유럽여행사진
295
625
10
3
유럽여행사패키지
2
0
0
0
유럽여행상품비교
2
0
0
0
유럽여행상품추천
2
8
0
0
유럽여행성수기
221
219
10
0
유럽여행세미패키지
32
21
6
3
유럽여행시기
176
283
8
0
유럽여행시준비물
244
184
0
0
유럽여행신발
892
1,268
3
11
유럽여행신혼여행
3
5
7
0
유럽여행싸게가는방법
8
7
6
0
유럽여행싸이트
17
88
0
0
유럽여행안내
9
3
3
0
유럽여행여행사
215
147
10
11
유럽여행여행사추천
81
48
10
1
유럽여행옷차림
417
732
9
4
유럽여행이벤트
71
52
9
1
유럽여행인솔자
11
13
3
0
유럽여행일정추천
4
2
0
0
유럽여행일정표
363
81
3
0
유럽여행일주일
102
163
9
3
유럽여행자유
9
8
5
0
유럽여행자유여행
26
19
9
1
유럽여행저렴하게
19
24
9
0
유럽여행저렴한곳
5
6
10
0
유럽여행전문사이트
3
0
0
0
유럽여행전문여행사
48
33
10
2
유럽여행전문여행사추천
0
0
0
0
유럽여행준비
1,161
962
10
5
유럽여행준비하기
61
25
0
0
유럽여행지추천
459
822
9
2
유럽여행짐싸기
596
1,259
3
0
유럽여행추천사이트
6
98
0
0
유럽여행추천여행사
28
14
9
0
유럽여행추천지
536
540
9
8
유럽여행코스추천
19
5
0
0
유럽여행크루즈
4
1
0
0
유럽여행터키
24
36
3
0
유럽여행투어
38
109
10
1
유럽여행팁
558
783
2
0
유럽여행패키지가격
11
15
0
0
유럽여행패키지경비
7
5
3
0
유럽여행패키지비교
240
275
7
22
유럽여행패키지비용
145
198
10
7
유럽여행패키지추천
46
109
10
2
유럽여행페키지
5
6
0
0
유럽여행한달
156
157
9
2
유럽여행한달비용
208
301
6
1
유럽여행할인
17
8
10
0
유럽여행할인쿠폰
11
0
3
0
유럽여행항공료
5
9
0
0
유럽여행허니문
6
4
10
1
유럽여행호텔팩
70
81
10
8
유럽여행혼자
137
251
7
1
유럽여행후기
418
556
3
0
유럽열차여행
15
11
3
2
유럽유스호스텔가격
32
33
1
0
유럽유스호스텔예약
32
7
2
1
유럽음악여행
211
1,351
9
1
유럽인솔자
6
17
3
0
0
0
0
0
유럽일주비용
85
100
8
1
유럽일주일여행
136
190
8
3
유럽일주패키지
3
10
3
0
유럽자유여행패키지
540
452
9
47
유럽전문여행
22
8
10
1
유럽직항
162
118
10
3
유럽체코
31
58
2
0
유럽초특가
6
18
9
0
유럽최저가항공권
26
18
7
3
유럽추천여행사
4
3
0
0
유럽카타르항공
4
3
3
0
유럽코스
34
44
3
0
유럽쿠루즈여행
4
0
0
0
유럽크루즈
101
101
9
5
유럽크루즈여행
452
777
8
29
유럽크루즈여행비용
11
22
7
0
유럽터키여행
5
6
3
0
유럽테마여행
71
75
10
1
유럽투어가이드
7
5
3
0
유럽투어정보
1
0
0
0
0
0
0
0
유럽파리여행
10
3
3
0
유럽패키지
791
839
10
67
0
0
0
0
유럽패키지여행가격
5
18
0
0
유럽패키지여행경비
10
37
0
0
유럽패키지여행비용
6
14
10
0
유럽패키지여행사
27
13
10
1
유럽패키지여행사추천
13
6
8
0
유럽패키지여행상품
6
98
10
0
유럽패키지여행추천
28
107
10
1
유럽패키지추천
25
24
9
1
유럽팩키지
2
3
1
0
유럽페키지여행
10
95
10
0
유럽한나라여행
10
7
2
0
유럽한달여행
633
732
8
11
유럽한달여행비용
12
22
6
0
유럽할인
15
9
3
0
유럽항공권최저가
19
5
6
1
유럽해외여행
74
164
10
3
유럽해외여행추천
13
96
0
0
유럽허니문견적
2
2
0
0
유럽허니문여행사추천
1
4
10
0
유럽허니문자유
4
7
3
0
유럽허니문준비물
4
1
0
0
유럽허니문코스
1
2
0
0
유럽허니문후기
4
2
0
0
유럽현지가이드
79
61
9
7
유럽현지여행
18
4
9
1
유럽호스텔가격
30
43
2
1
유럽호텔패키지
9
8
10
0
유럽효도관광
42
50
9
4
유럽효도여행
110
124
10
10
유럽휴양
12
10
2
0
유럽휴양지
312
442
9
3
유렵여행
454
242
9
17
유로스타호텔
217
221
6
4
유모토
20
21
0
0
유모토온천
29
25
3
1
유아여름휴가
412
532
9
5
유자와
37
29
0
0
유자와온천
10
7
0
0
유카타
5,681
12,293
7
150
유후인
6,976
8,506
10
38
유후인가족여행
7
11
3
1
유후인게스트하우스
342
223
7
9
유후인겟토안
256
246
9
9
유후인겨울여행
5
0
0
0
유후인관광
263
158
9
1
유후인관광지
26
10
3
0
유후인당일온천
358
390
2
0
유후인마을
65
70
1
0
유후인마키바노이에
228
191
9
5
유후인벳부
359
280
5
0
유후인여관
12
29
4
0
유후인여행경비
5
9
0
0
유후인여행일정
5
3
3
0
유후인여행코스
8
5
2
0
유후인예약
27
18
6
0
유후인온천여행
24
19
10
1
유후인온천추천
33
36
9
0
유후인온천호텔
11
3
3
0
유후인이요토미
201
106
4
7
유후인이치젠료칸
47
100
3
0
유후인추천
7
15
3
0
유후인패키지
39
46
9
5
유후인하우스텐보스
37
47
0
0
유후인혼자여행
3
3
0
0
융푸라우
402
583
3
0
융프라우기차
493
899
8
8
융프라우요흐
1,920
1,900
3
0
융프라우투어
14
10
10
0
융플라우
121
125
2
0
은각사
1,526
1,472
1
1
응아빨리
20
6
1
2
의정부여행사
129
219
7
2
이강유람
54
22
2
0
이과수여행
24
21
2
1
이과수폭포
5,288
11,478
3
1
이과수폭포관광
46
25
3
1
이과수폭포여행
65
101
7
2
이라크여행
475
863
1
0
이란호텔
51
18
8
1
이루크츠크
156
139
1
10
이르쿠츠크
1,333
1,031
9
13
이르쿠츠크관광
14
7
2
0
이르쿠츠크숙박
3
1
3
0
이르쿠츠크숙소
17
13
6
0
이르쿠츠크호텔
18
15
8
0
이리오모테섬
87
105
0
0
이마트여행사
63
104
3
2
이부스키료칸
12
12
6
1
이부스키여행
10
3
3
1
이브스키
123
93
8
1
이브스키료칸
6
8
2
0
이브스키여행
3
5
3
0
이브스키온천
7
4
3
0
이색신혼여행
101
207
3
3
이색여름휴가
1,210
1,344
8
13
이색허니문
19
18
2
1
이색휴가
572
811
4
10
이스라엘숙소
9
7
4
0
이스라엘여행일정
4
1
2
0
이스타항공권예약
3
8
3
0
이스타항공오키나와
0
5
0
0
이스탄불가볼만한곳
21
21
3
0
이스탄불가이드
56
36
6
5
이스탄불가이드투어
46
30
6
6
이스탄불공항근처호텔
30
21
3
1
이스탄불관광
254
225
10
0
이스탄불관광명소
8
1
0
0
이스탄불관광지
168
128
6
1
이스탄불관광코스
8
11
0
0
이스탄불땡처리
13
9
8
1
이스탄불맛집
1,001
1,963
0
0
이스탄불명소
41
61
0
0
이스탄불볼거리
43
68
3
0
이스탄불숙소예약
12
5
3
0
이스탄불숙소추천
404
269
8
5
이스탄불시내관광
6
6
3
0
이스탄불시내투어
15
9
3
1
이스탄불시티투어
117
115
8
6
이스탄불여행경비
48
49
10
0
이스탄불여행기
11
6
0
0
이스탄불여행루트
7
3
3
0
이스탄불여행비용
11
23
3
0
이스탄불여행사
19
22
9
0
이스탄불여행정보
6
2
7
0
이스탄불여행지
38
24
0
0
이스탄불여행추천
5
5
0
0
이스탄불여행코스
236
118
9
2
이스탄불여행패키지
1
0
0
0
이스탄불유적지
34
15
0
0
이스탄불일정
363
255
0
0
이스탄불직항
89
73
8
1
이스탄불카파도키아
370
262
0
0
이스탄불크루즈
35
47
2
0
이스탄불특가
3
4
3
0
이스탄불패키지
13
18
9
1
0
0
0
0
이스탄불현지투어
132
86
7
14
이스탄불혼자여행
17
16
0
0
이슬람사원
1,060
2,215
3
0
이시가끼
30
26
2
0
이시가키
935
831
3
1
이시가키섬
348
431
5
6
이시가키섬여행
8
1
2
1
이시가키여행
40
14
7
5
이시가키전세기
0
0
0
0
이시카기
21
18
1
0
이시카키
65
57
1
0
이시카키섬
79
69
1
10
이아호텔
17
16
3
0
이와테현
327
391
0
0
이와테현여행
7
0
2
0
이즈관광
5
2
2
0
이즈료칸
22
21
8
1
이즈반도
159
230
4
3
이즈반도여행
20
11
1
1
0
0
0
0
이즈하라
2,524
3,217
2
1
이즈하라여행
183
192
7
5
이집트룩소
21
10
2
0
이집트숙소
17
4
8
0
이집트여행일정
35
20
6
0
이집트여행지
24
16
0
0
이탈리아4박5일
66
43
3
2
0
0