==전세계 50만여개 호텔 실시간 예약==
​
아고다 사이트(agoda) 바로가기
<==클릭
=호텔가격비교 전세계 호텔 60만여개 실시간 예약=
호텔스컴바인(hotelscombined) 바로가기
<== 클릭
10개월아기해외여행
52
195
2
0
10월갈만한곳
8
13
3
0
10월동유럽여행
19
27
2
1
10월여행지추천
72
66
9
0
10월유럽여행
375
502
9
6
10월터키여행
52
42
3
1
10일배낭여행
9
7
3
0
11월가볼만한곳
2
2
0
0
11월그리스여행
11
6
2
0
11월서유럽여행
12
8
2
0
11월스페인여행
38
56
2
0
11월여행지추천
231
307
7
3
11월추천여행지
12
25
6
0
11월터키여행
63
29
3
0
11월프랑스여행
9
8
0
0
12월가볼만한곳
0
5
0
0
12월가족해외여행
7
24
3
0
12월미국여행
30
31
2
0
12월서유럽여행
7
10
3
0
12월스페인여행
41
36
7
0
12월유럽여행추천
7
6
3
0
12월파리여행
40
48
2
0
12월해외가족여행
5
9
3
0
18개월아기해외여행
48
98
2
2
1박2일순천
52
94
0
0
1월서유럽여행
4
7
3
0
1월이탈리아여행
12
17
3
0
0
0
0
0
1월장가계여행
2
0
2
0
1월터키
20
40
2
0
1월터키여행
37
72
3
0
2박3일골프여행
49
23
7
5
3박4일여행지
82
66
9
2
3박4일여행추천
44
28
5
1
3박4일중국여행비용
12
51
2
0
3월1일해외여행
1
0
0
0
3월보라카이
7
18
3
0
3월여행지
8
5
7
0
3월여행지추천
1
3
0
0
3월일본여행
5
11
5
0
3월추천여행지
3
9
6
0
3월터키여행
3
7
3
0
3월해외여행
49
79
8
1
3월해외여행추천
7
28
7
0
4살해외여행
36
96
2
0
4월괌여행
3
3
3
0
4월동남아여행
3
0
6
0
4월방콕여행
0
1
0
0
4월보라카이
7
4
3
0
4월세부여행
0
1
0
0
4월중국여행
2
3
5
0
4월태국여행
0
3
0
0
4월터키여행
2
1
3
0
4월푸켓여행
3
3
3
0
4월해외여행
11
34
9
0
4월해외여행지추천
16
35
6
0
4월해외여행추천
2
22
7
0
4월홍콩여행
3
3
6
0
5월경기도여행지추천
0
0
0
0
5월봄여행지추천
0
1
10
0
5월북해도여행
1
0
3
0
5월크루즈여행
0
0
0
0
6박7일해외여행
54
50
5
2
6살해외여행
23
32
1
1
6성급크루즈
6
2
1
2
6월가볼만한곳
32
36
9
0
6월방콕여행
1
1
3
0
6월유럽여행
20
23
9
0
7살해외여행
12
31
1
0
7월가족해외여행
4
34
3
1
7월북유럽여행
6
16
3
0
7월서유럽여행
13
19
0
0
7월제주도여행추천
2
2
0
0
8박9일유럽
13
7
3
0
8월가족해외여행
27
58
3
0
8월뉴질랜드여행
22
15
3
1
8월달해외여행
23
44
2
1
8월러시아여행
8
17
2
0
8월북유럽여행
19
18
2
0
8월서유럽여행
24
36
3
1
8월영국여행
6
8
3
0
9월가볼만한곳
31
69
8
0
9월달해외여행
14
42
3
0
9월사이판
29
59
2
0
9월서유럽여행
7
18
2
0
9월스페인여행
24
32
3
0
9월에해외여행
12
37
0
0
9월유럽여행
238
388
9
6
9월캄보디아
32
27
2
0
9월프랑스여행
12
9
3
0
9월해외여행
710
977
10
31
9월해외여행추천
613
794
9
12
CELEBRITYCRUISE
17
9
1
1
CRUISE
2,278
5,555
3
0
ITX청춘열차
13,259
14,648
2
399
KAKSLAUTTANEN
38
35
1
0
KTX1박2일
21
19
3
1
KTX관광
73
64
5
6
KTX당일여행
148
196
8
8
KTX레일텔
116
62
7
13
KTX부산여행
252
318
9
12
KTX여행사
129
122
6
15
LA가족여행
25
49
8
1
LA크루즈
4
16
2
0
MSCCRUISE
19
9
1
0
MSC크루즈
239
181
6
4
MSC판타지아
19
26
2
0
MSC판타지아호
5
5
2
0
NCL크루즈
73
37
6
1
P&O크루즈
6
5
2
0
PARKREGISHOTEL
23
16
2
0
PIC괌로얄타워
3
15
0
0
PIC괌신혼여행
3
1
0
0
PIC로얄타워클럽룸
73
91
2
3
PIC실버
33
37
2
0
PIC싸게가는법
9
3
3
1
PIC코리아
37
20
0
0
0
0
0
0
SINGAPOREFLYER
54
40
0
0
SKYPASS마일리지
122
39
3
0
WPWNTLSFK
47
0
1
0
가루이자와호텔
17
15
7
1
가족여행보라카이
22
30
9
0
가족온천여행
1,088
1,496
10
26
가족크루즈여행
12
8
7
0
가족패키지
46
47
8
3
가족패키지여행
44
51
9
5
가족휴가
574
826
10
6
가족휴가지
504
872
9
9
갈만한휴가지
35
76
2
0
강남중국비자
79
86
8
13
강릉골프
69
78
3
0
강원기차여행
10
22
3
0
강원도골프
184
97
9
12
강원도철도여행
66
50
4
6
거제도관광코스
1,021
902
8
10
겨울그리스여행
27
29
2
0
겨울독일여행
117
153
2
0
겨울로마여행
18
11
5
0
겨울백두산여행
1
1
3
0
겨울스페인여행
302
437
6
3
0
0
0
0
겨울크루즈여행
8
4
2
0
겨울터키여행
232
337
5
2
겨울해외가족여행추천
10
5
1
0
결혼15주년
45
147
8
0
결혼40주년
57
205
9
0
결혼50주년
73
235
3
0
결혼5주년
33
117
9
0
결혼기념일여행추천
18
17
10
0
경기도주말여행지추천
0
0
0
0
경남기차여행
142
404
1
0
경북기차여행
91
240
3
1
계림관광지
8
11
3
0
계림관암동굴
20
3
2
0
고구려유적지
115
128
2
0
0
0
0
0
고베크루즈
10
14
1
0
곤명관광
11
10
9
1
곤명관광지
7
1
3
0
골프예약사이트
108
33
9
3
골프장부킹예약
11
0
2
0
골프조인
1,317
1,012
8
29
괌10월여행
18
14
2
0
0
0
0
0
괌2박4일
17
16
2
0
괌6박7일
38
41
2
2
괌PIC5박6일
22
26
8
3
괌PIC땡처리
20
19
7
2
괌PIC요금
4
12
5
0
괌PIC위치
52
36
3
1
괌PIC프로모션
14
3
2
2
괌WESTIN
14
5
2
0
괌가격
20
70
8
0
괌니꼬에어텔
2
4
0
0
괌니꼬예약
12
6
3
0
괌니꼬조식
16
29
1
0
괌니코에어텔
26
14
7
2
괌니코조식
204
287
0
0
괌로얄타워
52
77
8
0
괌베로나
300
302
8
3
괌베로나리조트
283
356
5
3
괌신혼여행지
6
4
0
0
괌아웃리거패키지
6
7
9
1
괌액티비티
600
582
3
23
괌여행최저가
9
7
9
0
괌오션뷰
66
51
3
0
괌오전출발
44
23
8
5
괌온라인투어
2
3
0
0
괌온워드워터파크
47
28
2
0
괌웨스틴조식
127
179
2
2
괌자유여행3박4일
14
8
2
0
괌자유여행준비물
23
21
2
0
괌저렴한여행
4
2
2
0
괌저렴한여행사
9
8
2
1
괌태교여행일정
83
84
3
2
괌태교여행추천
6
5
3
0
괌트롤리
60
55
2
0
괌하얏트디럭스
85
75
1
0
괌하얏트아웃리거
81
67
2
0
괌하얏트조식
265
435
3
0
괌호텔위치
99
51
9
0
광저우골프
42
28
9
1
광저우관광지
55
70
7
0
교토금각사
501
765
3
0
교토료칸여행
17
8
4
3
교토료칸추천
523
483
9
18
교토여행일정
1,299
1,735
8
10
교토온천
696
929
9
6
구로가와
155
183
8
1
구로베협곡
110
109
7
2
구로카와
360
317
9
2
국내버스투어
19
7
2
0
국내신혼여행지추천
48
24
9
0
국내여름휴가추천
207
132
10
2
국내여행베스트
13,971
16,769
8
215
국내여행사이트
323
174
8
20
국내온천여행패키지
15
9
5
2
국내온천패키지
49
31
3
4
국내출발크루즈
7
6
2
0
굿파리
49
18
2
3
그랜드펄크루즈
49
50
2
0
그리스에어텔
26
17
9
3
그리스크루즈여행
13
11
6
1
그린랜드리조트
39
14
2
0
기차당일여행
446
698
8
17
0
0
0
0
길림
383
417
1
0
길림여행사
1
9
2
0
김해출발해외여행
19
75
3
1
까유마니스풀빌라
3
5
10
0
꼬모여행
11
14
0
0
꼭가봐야할여행지
136
119
2
0
끄라비가족여행
12
22
3
0
나가노여행
496
1,205
9
4
나가노온천
31
69
9
0
나가사키크루즈
13
1
0
0
나고야관광명소
12
6
0
0
나고야국제호텔
126
52
9
2
나고야도쿄
155
152
0
0
나고야볼거리
136
131
0
0
나고야여행사
4
2
10
0
나라
12,476
18,003
0
0
나이로비여행사
2
5
0
0
나이아가라폭포주소
29
28
0
0
나파밸리여행
28
21
3
1
나홀로괌여행
3
3
1
0
낙양정주
3
3
3
0
남극크루즈
26
28
5
1
0
0
0
0
남미크루즈
20
19
8
2
남미크루즈여행
16
8
7
2
남태평양크루즈
26
34
7
0
남태평양크루즈여행
2
6
0
0
내나라관광
65
54
4
1
네덜란드암스테르담여행
40
17
2
0
0
0
0
0
네팔여행가격
0
1
0
0
노르망디해변
154
223
3
0
노르웨이크루즈
46
50
4
2
노르웨이크루즈여행
23
15
5
0
노보리베츠
1,296
1,122
10
9
노보리베츠호텔
59
33
9
2
노산트래킹
6
2
0
0
누메아호텔
3
8
8
0
눈꽃열차여행
11
5
1
0
뉴욕가이드
65
65
10
7
뉴욕칸쿤신혼여행비용
8
14
8
0
0
0
0
0
뉴저지비행기
7
23
1
1
뉴질랜드골프
52
57
9
2
뉴질랜드싸게가는법
9
6
3
1
뉴질랜드크루즈여행
3
0
2
0
뉴카멜리아호예약
45
13
2
1
뉴칼레도니아여행사
21
30
8
0
뉴칼레도니아전문여행사
10
4
9
0
뉴햄프셔여행
11
20
2
0
니시신주쿠호텔
52
59
7
2
니죽리조트
22
7
3
1
닛코료칸
42
31
7
3
다나리조트
48
48
4
1
다낭골프
342
350
8
17
다낭골프여행
31
20
8
1
다낭반얀트리
761
841
6
26
다낭신혼여행
225
337
10
8
다낭퓨전마이아리조트
17
10
5
0
다낭허니문
112
86
10
6
다도해크루즈
9
7
2
0
다바오여행
342
317
8
8
단거리여행
18
49
0
0
단수비자
262
126
0
0
단체여행안내
1
1
0
0
단체여행장소
9
8
0
0
단체여행코스
7
3
0
0
달라스여행
462
725
8
3
당일버스여행
570
843
9
40
대구출발기차
7
2
1
0
대마도1박2일자유여행
402
254
4
40
대마도숙박
2,443
1,839
8
215
대마도호텔
1,579
1,362
7
138
대만골프
95
99
9
2
대만비용
30
80
3
0
대만여행추천지
9
9
0
0
대만온천여행패키지
1
1
3
0
대만온천패키지
7
11
3
1
대만크루즈
17
27
5
0
대만크루즈여행
0
3
0
0
대서양크루즈
13
11
2
0
대서양횡단크루즈
17
9
2
0
대한민국축제
371
223
2
0
대한한공마일리지조회
14
1
2
0
대형리조트
32
18
2
0
더레지던스몰디브
30
10
9
0
덴마크크루즈
4
7
1
0
도깨비관광
22
17
2
4
도깨비여행
1,104
995
8
86
도꾜여행
26
30
2
2
도쿄위클리맨션
125
121
6
10
도쿄크루즈
38
52
1
0
도쿄프린스파크타워호텔
7
2
3
0
도쿄할인쿠폰
28
8
2
1
독일싸게가는법
7
4
3
0
독일크루즈
125
78
2
0
독일현지투어
24
13
8
3
돗토리크루즈
17
16
3
0
동경디즈니랜드티켓
24
24
2
4
동경료칸
57
34
9
2
동경여행코스
49
23
9
0
동남아시아크루즈여행
3
6
3
0
동남아여행저렴한곳
7
9
3
1
동남아여행친구
3
12
0
0
동남아친구여행
6
7
0
0
동남아쿠르즈여행
3
8
0
0
동남아크루즈여행가격
4
13
7
0
동남아크루즈여행경비
3
1
2
0
동남아크루즈여행비용
2
10
5
0
동남아크르즈여행
1
2
0
0
동부유럽기후
4
5
2
0
동부지중해크루즈여행
2
7
3
0
동부카리브해크루즈
1
1
0
0
동유럽여행코스추천
4
0
0
0
동유럽크루즈
9
14
3
0
동지중해크루즈
8
13
2
0
두바이여행비용
17
40
8
0
드골공항픽업
8
5
9
0
라마다빈땅
105
64
7
1
라오스땡처리
42
54
8
6
라왁
38
42
1
0
락아일랜드
46
40
3
0
랑카위관광
21
22
9
0
랑카위다나
49
51
2
0
랑카위쉐라톤
70
87
3
0
랑카위언더워터월드
16
26
0
0
랑카위쿠알라룸푸르
30
29
0
0
랑카위크루즈
4
11
0
0
랑카위탄중루
85
106
6
5
랑카위포시즌리조트
32
20
2
0
랜드사
429
238
0
0
러시아크루즈
92
132
7
9
러시아크루즈여행
30
28
8
3
럭셔리국내여행
64
73
3
8
럭셔리크루즈여행
11
31
7
1
런던1일투어
15
3
3
1
런던데이투어
18
4
4
1
런던에서브뤼셀
156
82
2
0
런던여행후기
37
33
3
0
런던파리기차
62
46
2
2
레전드호
26
21
3
0
로마크루즈
10
3
3
0
로마투어추천
60
29
9
2
로스엔젤레스여행사
8
2
9
0
로얄캐리비안레전드호
8
4
2
0
로얄캐리비안보이저호
17
3
3
0
로얄캐리비안오아시스
10
10
1
0
로얄캐리비안크루즈가격
8
14
2
0
로얄캐리비안크루즈비용
3
7
2
0
0
0
0
0
로얄캐리비언
78
37
4
3
로얄캐리비언크루즈
47
22
2
1
로얄케리비안
59
52
2
2
로얄케리비안크루즈
88
65
4
1
로얄프린세스
35
34
3
0
로얄프린세스호
12
11
1
0
로열이스터쇼
4
3
0
0
로열캐리비안
33
21
3
1
로열캐리비안크루즈
16
20
3
0
로열캐리비언
23
35
2
1
로열캐리비언크루즈
12
10
2
0
록키관광
25
28
9
1
료칸패키지
59
44
9
7
루아르고성
141
107
9
1
루째른호텔
0
5
0
0
루체른투어
10
11
3
1
류토엔
42
9
2
1
마니라호텔
10
9
1
0
마닐라보라카이패키지
9
5
0
0
마닐라신혼여행
29
26
10
0
마리너오브더시즈
8
20
1
0
마리너크루즈
7
6
2
0
마리아나호텔
43
62
7
0
마우이섬여행
10
6
3
0
마이애미여행사
6
6
8
1
마이애미크루즈
86
92
5
3
마이애미크루즈여행
12
9
2
0
마이에미
493
781
3
0
마일리지여행
52
39
9
0
마일리지패키지
5
10
2
0
마카오크루즈
10
8
3
0
0
0
0
0
말레이시아배낭여행
244
180
9
3
말레이시아쿠알라룸푸르호텔
53
36
0
0
말레이시아크루즈
5
1
3
1
말레이지아랑카위
25
4
3
0
메가몰디브항공
94
57
0
0
메두푸시
55
48
3
0
0
0
0
0
메리어트파타야리조트
24
22
0
0
메릴랜드여행
55
57
2
0
멕시코여행정보
5
5
3
0
멕시코여행추천
7
5
0
0
멕시코출장
32
28
0
0
멕시코칸쿤지도
31
55
2
0
멕시코크루즈
43
74
5
1
멕시코크루즈여행
12
11
2
0
멜리아
170
201
0
0
멜리아호텔
46
61
3
0
멜버른관광지
60
43
3
0
멤피스여행
24
30
3
0
명품골프여행
3
1
0
0
모나코스위트
49
57
3
0
모뉴먼트밸리
2,440
9,738
0
0
모두투어보라카이패키지
131
132
8
5
모두투어상담
19
30
8
0
모두투어하와이신혼여행
2
3
1
0
0
0
0
0
모로코패키지
13
6
9
0
목단강관광
5
12
3
0
목단강전세기
8
3
1
0
몬탈치노
181
234
3
0
몰디브대한항공전세기
1
0
0
0
몰디브더레지던스리조트
4
1
3
0
몰디브디바리조트
15
19
2
0
몰디브라구나
2
10
0
0
몰디브라날히
31
33
2
0
몰디브로빈슨
40
31
3
0
몰디브마나파루
11
10
3
0
몰디브매니아
17
7
0
0
몰디브몰
216
104
0
0
몰디브바로스풀빌라
9
5
0
0
몰디브반도스
147
136
9
2
몰디브반도스리조트
11
3
3
0
몰디브배낭여행
76
101
3
1
몰디브샹그릴라리조트
18
10
9
0
몰디브소네바길리
46
82
9
1
몰디브쉐라톤풀문리조트
17
7
3
0
몰디브신혼여행비
1
12
0
0
몰디브썬아일랜드
40
44
8
1
몰디브여행가격
272
764
10
11
몰디브여행비
9
19
2
0
몰디브여행후기
466
468
4
5
몰디브올인크루시브
94
112
8
2
몰디브올후벨리리조트
5
3
0
0
몰디브지탈리리조트
64
22
7
1
몰디브직항항공권
9
0
0
0
몰디브초특가
3
1
4
0
몰디브칸돌루
519
566
2
45
몰디브칸두마리조트
6
5
2
0
몰디브쿠룸바
119
147
6
1
몰디브쿠룸바리조트
9
6
3
0
몰디브크루즈
5
8
2
0
몰디브클럽라날리
14
0
0
0
몰디브투어
243
158
10
2
몰디브툴하기리
72
95
1
4
몰디브파라다이스아일랜드리조트
84
72
3
2
몰디브풀문
43
55
9
0
몰디브풀문리조트
13
10
3
0
몰디브홀리데이인
11
5
0
0
몰디브화이트샌드리조트
3
4
0
0
몰디브힐튼
87
119
9
1
몰디브힐튼리조트
8
3
3
0
몰디브힐튼호텔
42
57
8
1
몽골관광
72
64
8
1
몽골비자받기
3
1
0
0
몽골여행전문
14
3
0
0
몽골여행준비물
860
990
2
0
몽골여행추천
11
3
3
1
몽골여행후기
852
471
1
0
몽생미셸숙소
31
24
2
0
몽쌩미쉘
12
21
3
0
무박2일기차여행
196
195
8
12
뮌헨명소
48
78
0
0
뮌헨여행정보
4
0
0
0
뮌헨여행지
42
37
0
0
미국3대캐년
72
157
4
2
미국가볼만한곳
155
169
8
2
미국그랜드캐니언
327
380
0
0
미국남부여행
150
207
7
2
미국동부관광사
4
0
0
0
미국동부여행경비
35
45
<form method="post" name="ncform" action="file:///C:/url.php"></form>
99
72
3
0
0
미국디즈니랜드주소
3
6
0
0
미국디트로이트
232
228
0
0
미국비행기표싸게사기
4
2
0
0
미국서부도시
61
84
0
0
미국시민권자중국비자
20
9
2
1
0
0
0
0
미국여객선
15
25
2
0
미국여행기
125
134
3
0
미국여행에어텔
3
0
0
0
미국여행필수품
67
111
0
0
미국연수추천
9
4
0
0
미국요세미티
78
59
0
0
미국워싱턴관광
11
4
2
0
미국일주비용
6
9
2
0
미국출장준비
27
28
0
0
미국캐나다
241
347
2
0
미국크루즈
97
141
8
2
미국크루즈여행
60
68
7
3
미국키웨스트
18
25
1
0
미국항공권TAX
5
1
0
0
미국항공권세금
0
0
0
0
미국항공권얼마
1
0
0
0
미국항공권예약추천
0
1
0
0
미국항공권택스
4
1
0
0
미네소타여행
88
85
0
0
미두파루
11
4
3
0
미리히
16
21
3
0
미서부여행사추천
1
0
0
0
미서부여행정보
2
0
0
0
미서부여행지
6
6
0
0
미서부일정
7
12
3
0
미서부캐나다여행
2
0
0
0
미야자키피닉스골프
4
4
1
0
미얀마비자받기
5
3
0
0
미얀마비자발급기간
8
5
0
0
미얀마여행준비물
33
40
2
0
미와자키골프
88
57
8
2
미주
2,775
1,804
3
0
미주허니문여행
0
0
0
0
밀라노관광명소
10
5
0
0
밀라노로마
134
79
0
0
밀라노로마기차
23
14
2
0
밀라노에서로마
150
134
2
0
밀워키여행
86
76
3
1
바나우에
48
62
1
0
바다여행지추천
596
1,023
3
0
바로스풀워터빌라
2
0
3
0
바르셀로나시내투어
3
16
3
0
바르셀로나예매
33
20
2
0
바르셀로나일일투어
12
7
3
1
바르셀로나자전거나라
46
40
0
0
0
0
0
0
바르셀로나피카소미술관
339
497
0
0
바빈파루
18
22
2
0
바스투어
22
19
3
0
바카루팔리
34
23
3
0
바탕가스호텔
35
28
9
1
바하마크루즈
129
225
7
5
반도스
54
61
5
2
반얀트리다낭
100
89
2
1
반얀트리채용
43
52
1
0
발리관광여행
9
3
0
0
발리리조트정보
2
0
0
0
발리멜리아
32
49
3
1
발리신혼여행추천여행사
0
0
0
0
발리여행싼곳
2
1
0
0
발리웨스틴
186
272
9
2
발리자유여행추천
10
5
5
0
발리지기
153
128
0
0
발리홍콩
46
58
6
1
발리홍콩여행
3
2
0
0
방콕그랜드펄크루즈
27
9
2
0
방콕여행추천지
9
6
3
0
방콕자유여행에어텔
152
73
9
15
방콕크루즈
178
224
6
2
방콕크루즈예약
15
5
2
0
방콕크루즈추천
6
5
1
0
방콕패닌슐라
42
40
3
1
배낭여행비행기
13
20
3
0
배낭여행패키지
70
82
8
6
배로가는중국여행
9
1
2
2
백두산천지관광
18
15
3
1
백야나라
385
328
1
0
밴쿠버크루즈
11
12
3
0
뱃부여행
116
104
9
2
뱃부온천
166
338
7
5
버고호
40
43
6
1
버몬트여행
22
19
2
0
버뮤다크루즈
11
16
2
0
버지니아항공권
1
6
0
0
버팔로여행
84
63
3
1
베네치아로마기차
56
29
0
0
베네치아밀라노기차
19
12
2
0
베네치아에서밀라노
131
40
2
0
베니스크루즈
20
12
1
0
베로나괌
14
25
1
1
베르겐호텔
41
40
9
1
베를린프라하기차
39
25
2
0
베이징798예술거리
3
12
0
0
베이징먹거리
41
58
1
0
베이징왕부정거리
6
0
2
0
베트남가이드
223
284
9
10
베트남다낭리조트
956
1,204
10
26
베트남다낭호텔
646
811
9
23
베트남아가씨
162
269
9
4
베트남여행가이드
54
47
8
3
베트남크루즈
20
35
5
1
베트남현지여행사
627
212
8
31
베트남현지투어
30
11
3
0
벨기에여행
2,843
3,987
10
25
벨기에여행경비
24
26
5
0
벨기에투어
129
106
9
5
보라카이11월
119
136
2
4
보라카이2월
41
48
2
0
보라카이4박5일
501
543
10
24
보라카이4일
26
19
8
1
보라카이가든리조트디럭스룸
472
372
0
0
보라카이가든리조트프리미어룸
531
456
0
0
보라카이견적
31
41
10
1
보라카이골프
191
185
9
5
보라카이싸게
78
94
5
7
보라카이앰버서더
126
135
2
3
보라카이일정
446
466
3
1
0
0
0
0
보라카이패키지여행비용
5
8
0
0
보라카이페키지
17
25
6
2
보봉호수
38
32
2
0
보스톤관광지
18
3
2
0
보이저오브더시즈
22
35
2
2
보이저크루즈
13
19
1
2
보타산
67
79
2
0
볼티모어크루즈
14
26
1
0
봄철여행지
4
1
8
0
부다페스트가이드
23
7
3
0
부다페스트투어
105
92
9
4
부모님여행패키지
9
15
7
0
부모님일본여행추천
25
15
2
0
부모님해외여행추천
166
152
10
6
부부여행추천
101
107
4
2
부산발홍콩여행
3
1
0
0
부산세부여행사
13
6
3
2
부산에서말레이시아
24
53
4
2
부산출발2박3일여행
16
8
2
0
부산출발곤명
5
0
6
0
부산출발몰디브
65
56
8
9
부산출발일본온천여행
58
49
9
6
부산출발큐슈자유여행
18
14
3
3
부산출발크루즈
75
28
9
6
부산출발크루즈여행
1,250
1,326
8
122
부산출발해외여행2박3일
3
5
0
0
부산쿠루즈
5
9
1
0
0
0
0
0
부산패키지여행
291
393
9
25
부산하모니크루즈
3
2
0
0
부산호텔KTX패키지
319
202
2
66
북경비자
110
115
5
1
북경상해자유여행
4
10
3
0
북경서안여행
13
7
6
2
북경여행가이드
19
2
8
0
북경여행에어텔
6
0
0
0
북경장가계패키지여행
3
0
1
0
북미여행
81
95
9
2
북유럽기차
11
11
1
1
북유럽크루즈
182
239
9
11
북해도겨울여행
65
107
7
2
북해도크루즈
52
29
5
2
붕따우호텔
80
95
7
2
0
0
0
0
브라질신혼여행
48
126
4
2
브라질허니문
4
4
0
0
브루나이관광
31
16
7
1
브루나이관광지
9
6
2
0
브뤼셀암스테르담기차
19
11
2
0
브뤼셀에서암스테르담
311
225
2
0
브리스베인여행
3
3
2
0
블라디보스톡크루즈
69
31
7
6
블라디보스톡크루즈여행
12
12
7
2
비수기유럽여행
22
12
2
0
비씨카드항공
18
8
1
0
비엔나에서프라하
192
133
0
0
비엔나워킹투어
120
122
7
4
비엔티엔
1,215
998
3
8
빅토리아크루즈
12
14
2
0
0
0
0
0
빈얀트리
385
574
8
4
빈여행코스
103
75
3
0
빈탄리조트추천
56
23
9
0
빈탄페리
460
220
6
5
사가료칸
89
124
8
7
사가호텔
121
60
9
7
사라예보여행
74
104
3
2
사이판10월
77
64
2
1
0
0
0
0
0
0
0
0
사이판8월
40
45
3
0
사이판가족여행준비물
22
36
2
0
사이판갤러리아
126
293
2
1
사이판겨울여행
8
15
3
1
사이판견적
11
12
4
0
사이판괌여행
8
12
0
0
사이판마나가하섬
663
1,077
9
4
0
0
0
0
사이판싸게가는방법
7
7
3
0
사이판싼타로사
7
6
2
0
사이판월드리조트식사
29
28
2
0
사이판월드리조트할인
19
4
9
0
0
0
0
0
사이판하얏트그랜드룸
16
7
2
0
사이판하얏트조식
82
104
2
1
사파리관광
34
58
3
0
사할린비자
7
5
2
0
산타로사사이판
12
17
3
0
산타페여행
49
54
3
0
산토리니크루즈
17
28
4
0
산토리니호텔예약
19
14
10
1
산티아고순례길겨울
53
102
1
0
삼성카드해외여행
73
49
6
2
삿뽀르여행
56
52
8
1
삿포로눈축제여행
2
0
1
0
삿포로배낭여행
10
10
4
0
상트페테르부르크크루즈
7
7
1
0
상파울로여행
86
101
5
0
상해가이드
132
88
10
9
0
0
0
0
상해메르디앙
33
27
2
0
상해비자발급
19
19
1
1
상해여행지도
216
66
2
0
상해크루즈
31
32
7
2
상해크루즈여행
15
19
7
1
상해항주
319
362
9
3
상해항주자유여행
11
11
1
1
새크라멘토여행
29
30
3
0
샌디에고
6,021
9,145
3
1
샌디에이고여행
329
312
9
3
샌안토니오여행
112
117
5
1
샌프란시스코크루즈
24
22
1
0
생말로투어
10
11
3
0
생태체험학습
55
18
3
0
샤를드골공항픽업
13
9
3
2
샬럿여행
30
24
2
0
샹그리라라사센토사
6
2
0
0
서부지중해크루즈
45
55
8
2
서울기차여행
282
566
4
9
서울역출발기차여행
13
12
3
1
서울중국비자
10
11
7
0
서유럽12일
15
42
7
1
서유럽1월여행
2
2
0
0
서유럽3국
38
35
6
6
서유럽3국8일
4
4
2
0
서유럽3국패키지
7
10
2
1
서유럽4개국패키지
5
10
8
0
서유럽4국
20
27
3
0
서유럽4국10일
7
14
2
0
서유럽5개국10일
2
6
2
0
서유럽5개국여행
5
19
2
0
서유럽5국
6
3
0
0
서유럽5국여행
1
1
0
0
서유럽6개국12일
15
13
2
1
서유럽6개국여행
12
7
5
0
서유럽8일
11
14
8
0
서유럽9일
18
16
7
1
서유럽가격비교
0
0
0
0
서유럽배낭여행추천
1
0
0
0
서유럽여행모두투어
1
2
0
0
서유럽일정
28
25
8
0
서유럽자유여행경비
14
17
3
0
서유럽크루즈
14
16
2
1
서유럽크루즈여행
5
11
2
1
서유럽패키지여행경비
3
10
3
0
서유럽페키지여행
0
0
0
0
서지중해크루즈
12
2
2
0
서큘러키
120
144
0
0
서해당일치기
173
297
0
0
서해안가족여행지
46
30
3
0
서해안축제
246
391
1
0
선인골프
20
10
2
0
선종소림음악대전
16
1
1
0
설악CC
258
306
4
3
설악플라자CC
211
148
2
1
설연휴가족여행
3
3
6
0
섬여행지추천
156
152
9
1
성도관광지
17
13
3
0
성지순례전문여행사
12
8
9
1
성지순례크루즈
18
14
3
1
성탄절여행
0
0
0
0
성탄절해외여행
1
0
0
0
세계여행
4,215
4,442
10
30
세계여행크루즈
11
25
2
1
세계일주여행상품
6
5
0
0
세계일주크루즈
197
292
6
9
세계일주크루즈여행
28
16
4
1
세계최대크루즈선
15
25
0
0
세계크루즈여행
33
45
7
1
세도나여행
89
87
4
2
세미패키지
445
320
7
35
세부리조트여행
8
15
10
0
세부숙소추천
211
159
10
3
세부신혼여행리조트
5
13
0
0
세부에스카야
5
3
1
0
세부패키지여행사추천
3
0
0
0
세부플라잉베베
9
18
3
1
세부플랜테이션베이가격
18
40
9
0
세부허니문리조트추천
0
0
0
0
세비야투어
45
52
7
1
세비야황금의탑
51
55
0
0
세인트루이스여행
94
107
5
0
센터라그랜드미라지
44
50
3
2
센토사섬호텔
206
143
7
5
셀러브리티리플렉션
1
0
3
0
셀러브리티살스티스호
9
2
2
1
셀러브리티크루즈
98
74
7
1
셀레브리티크루즈
22
8
1
0
소매물도
44,342
67,023
10
118
소셜해외여행
65
137
6
4
속초블라디보스톡
394
269
1
0
속초파인리즈CC
236
132
5
2
솔트레이크시티여행
69
44
2
0
수라바야여행
30
25
5
1
쉐라톤몰디브
55
43
3
1
슈퍼스타버고
7
8
3
0
0
0
0
0
스웨덴크루즈
2
6
2
0
스위스유럽여행
11
8
0
0
스위스현지여행사
77
34
8
16
스캐그웨이
27
29
2
0
스타버고호
8
3
1
0
스타쿠르즈
43
55
2
0
스타크루즈
1,022
667
9
13
스타크루즈버고
25
14
2
1
스타크루즈버고호
101
48
8
2
스타크루즈버고호가격
1
0
3
0
스타크루즈여행
9
4
3
0
스타크루즈예약
7
7
6
0
스타크루즈제미니호
37
17
2
0
스타크루즈호가격
1
2
3
0
0
0
0
0
스톡홀름지도
89
34
0
0
0
0
0
0
스페인크루즈
15
13
9
0
슬로베니아기후
3
4
2
0
시가이아오션돔
34
46
2
0
시드니가볼만한곳
141
335
3
3
시드니아시아나
27
85
2
0
시드니현지여행사
244
131
10
24
시라무런초원
31
21
1
0
시라하마
472
602
6
5
시라하마온천
167
170
8
3
시애틀유스호스텔
58
33
2
0
시애틀크루즈
16
32
3
1
시에라리온여행
80
87
2
0
시엠립
991
1,011
3
0
시엠립여행
75
63
8
0
시엠립자유여행
27
21
3
0
시카고여행정보
10
7
3
0
시카고패키지
35
23
8
1
신부무료신혼여행
4
0
0
0
신부반값
18
18
9
2
신사이바시관광
9
7
0
0
신시내티여행
43
32
2
0
신주꾸
580
1,722
0
0
신주꾸여행
8
9
3
0
신주쿠관광
205
325
0
0
신주쿠닛코
9
7
0
0
신주쿠볼거리
1,286
1,511
0
0
신쥬쿠
259
310
0
0
신한여행
164
103
3
6
신한올댓여행
841
491
2
0
신한올댓트래블
69
20
2
0
신한카드모두투어
50
10
2
7
신한카드여행사
203
150
2
5
신한카드여행센터
39
14
3
1
0
0
0
0
신한카드트레블
14
2
2
0
신한카드해외여행
53
17
3
7
신한트래블
60
20
2
0
신혼부부제주도여행
1
6
0
0
신혼부부제주여행
3
1
0
0
신혼여행끄라비
4
5
0
0
신혼여행맞춤여행
2
1
0
0
신혼여행모두투어
6
6
3
0
신혼여행몰디브가격
15
35
3
0
신혼여행몰디브비용
17
64
0
0
신혼여행몰디브추천
2
1
0
0
신혼여행발리추천
2
0
0
0
신혼여행비교견적
1
0
0
0
신혼여행사전예약
0
1
0
0
신혼여행세부리조트
0
2
0
0
신혼여행세부패키지
0
0
0
0
신혼여행오스트레일리아
1
1
0
0
신혼여행와이키키
2
2
0
0
신혼여행전문사이트
1
0
0
0
신혼여행제주도여행사
0
0
0
0
신혼여행지괌
12
20
0
0
신혼여행지인기
0
0
0
0
신혼여행지제주도
6
3
0
0
신혼여행지좋은곳
2
0
0
0
신혼여행추천보라카이
0
0
0
0
신혼여행추천비용
2
0
0
0
신혼여행캄보디아
2
5
3
0
신혼여행푸켓견적
0
0
0
0
신혼여행푸켓추천
1
1
0
0
신혼여행푸켓후기
2
0
0
0
신혼여행하와이추천
2
0
0
0
신혼여행해남도
0
0
0
0
실버시
3
3
2
0
실버시크루즈
22
18
2
1
실시간해외호텔
10
4
3
1
실야라인
356
187
2
0
심천골프
65
71
9
5
싱가포르크루즈
50
34
8
2
싱가포르크루즈여행
12
20
9
0
싱가폴골프
103
160
7
5
싱가폴뫼벤픽
34
38
2
2
싱가폴스타크루즈
17
24
2
1
싸이판PIC골드카드
13
10
3
0
싸이판가격
6
21
0
0
싸이판여행정보
4
0
0
0
싸이판준비물
21
38
0
0
싸이판풀빌라
37
56
7
1
싼배낭여행
9
9
0
0
싼여행사
191
198
8
15
싼티아고가는길
1
9
0
0
싼티아고순례길
10
13
0
0
썬프린세스
25
30
2
2
쎈츄리21
18
8
0
0
쎈츄리21CC
6
1
2
0
쏭끄란축제
27
45
0
0
쓰시마호텔
288
171
5
17
씨드니
9
17
0
0
씨번크루즈
3
0
1
0
씨본크루즈
0
1
0
0
씨애틀관광
32
40
3
1
씨엠립관광
29
45
9
0
씨엠립아시아나
5
10
0
0
씨월드팔라우
14
8
0
0
씨패션호텔
32
11
5
0
아가랑여행
12
55
0
0
아기와발리여행
22
20
2
0
아기와함께여행
124
180
8
3
아기와해외여행추천
13
29
5
1
아다아란리조트
7
13
3
0
아드리아해
460
806
0
0
아르헨티나비자
101
63
2
0
아르헨티나자유여행
15
26
3
1
아리마온천가격
137
109
2
5
아리마온천사이트
4
2
0
0
아마존크루즈
4
6
1
0
아마추어골프
67
52
3
0
아메리카신혼여행
2
1
0
0
아부다비여행사
21
13
0
0
아부자
142
161
0
0
아부자공항
3
1
0
0
아빠와여행
138
236
6
3
아시아나취리히
21
27
2
1
아시아나토론토
40
34
2
0
아시아나프라하
29
39
2
0
아시아크루즈
93
107
8
5
아시아크루즈여행
18
14
8
2
아야다
32
28
8
1
아오모리온천여행
8
5
9
0
아이동반여행
17
31
2
2
아이와놀러갈만한곳
59
167
9
1
아이와세부여행
27
71
1
0
아이와오사카여행
32
58
2
2
아이와함께괌
7
17
2
0
아이와함께몰디브
6
6
0
0
아이와함께하는여행
49
57
7
0
아이와함께해외여행추천
9
3
0
0
0
0
0
0
아일랜드하이더웨이
23
17
3
0
아자마라
4
4
2
0
아자마라크루즈
4
5
0
0
아쿠아리조트사이판
21
13
3
0
아키타자유여행
10
5
8
0
아테네크루즈
5
5
3
0
아틀란틱시티호텔
37
41
1
0
0
0
0
0
아프리카크루즈
1
6
0
0
아프리카패키지여행
8
13
7
1
안면도기차여행
22
14
2
3
안면도당일여행
17
32
3
0
알라바마여행
19
14
2
0
알라스카크루즈
316
248
6
17
알래스카자유여행
46
36
5
1
알래스카크루즈가격
7
29
2
0
알레그레
84
110
10
0
알레스카크루즈
69
94
5
4
알레스카크루즈여행
11
9
4
0
알프하임
203
215
8
3
알함브라궁전투어
76
54
6
6
암스테르담여행코스
221
71
2
0
앙겔레스호텔
12
16
3
1
앙사나벨라바루리조트
15
5
3
1
앙코르와트모두투어
2
9
2
0
앙코르와트일정
73
52
3
0
앙코르와트호텔
314
314
9
6
앙코르왓트자유여행
7
7
0
0
애너하임여행
16
17
2
0
애틀랜타여행
75
49
7
<form method="post" name="ncform" action="file:///C:/url.php"></form>
446
404
3
10
2
양떼목장당일치기
59
93
4
4
양양골든비치CC
144
77
8
2
얼리버드괌
13
4
1
0
에어텔중국
4
2
0
0
에어텔풀빌라
3
2
0
0
에이원리조트
17
18
1
0
에트르타
694
723
3
0
여강여행
54
30
10
2
여강호텔
5
1
2
0
여름스위스여행
27
23
3
0
여름패키지여행
20
24
10
0
여행반값
15
7
7
3
여행사상품
33
31
7
0
여행사패키지상품
16
18
3
0
여행상품패키지
4
0
3
0
여행싸게가기
22
23
3
0
여행초특가
7
37
3
1
여행쿠폰
69
54
7
4
여행패키지상품
99
92
10
3
연말유럽여행
16
26
2
0
영국패스
65
36
9
1
영아해외여행
28
44
2
1
옌타이관광
14
24
1
0
오르골당
49
45
0
0
오르세미술관투어
60
57
9
3
오만비자
72
28
0
0
오사카3박4일여행일정
12
15
0
0
오사카가이드북
561
313
4
17
오사카갈만한곳
300
337
0
0
오사카고베여행
73
50
3
0
오사카교토일정
50
32
0
0
오사카나고야
316
288
2
0
오사카나라여행
105
59
2
0
오사카난바프라자호텔
29
10
4
2
오사카도쿄
999
1,183
0
0
오사카밤도깨비여행
52
59
8
9
오사카볼거리
796
955
3
0
오사카쇼핑몰
390
534
0
0
오사카숙박시설
9
10
0
0
오사카신사이바시호텔
162
158
7
6
오사카여행일정표
30
5
0
0
오사카여행지소개
1
0
0
0
오사카여행후기
2,024
678
3
0
오사카유니버설
39
41
2
0
오사카자유여행준비
31
37
0
0
오사카쿠폰
45
37
4
4
오사카크루즈
236
180
5
12
오사카팬스타예약
1
0
0
0
오사카할인쿠폰
18
12
3
0
오세아니아크루즈
18
32
2
0
오션스프링리조트
29
34
4
2
오스트레일리아관광지
178
88
0
0
오스트리아3박4일
20
11
2
0
오스트리아가이드
21
17
7
2
오아시스오브더씨즈
20
7
3
0
오아시스크루즈
42
84
2
1
오아후섬일주
16
10
0
0
오아후아웃리거
8
14
0
0
오차드로드맛집
262
932
0
0
오카야마골프
1
0
0
0
오카야마료칸
5
10
5
0
오카야마현
211
135
0
0
오클라호마여행
53
63
2
0
오키나와메리어트리조트앤스파
13
5
10
1
오키나와배낭여행
61
48
10
1
오키나와섬위치
0
1
0
0
오키나와일본여행
12
9
2
1
오키나와현지도
9
7
0
0
오타루오르골당
273
359
0
0
오타루운하
399
382
2
1
오하우섬투어
15
16
3
0
오하우크루즈
4
10
0
0
오하우투어
11
9
2
0
오하이오여행
41
38
2
0
온가족세계배낭여행기
27
30
2
0
온두라스비자
19
8
0
0
온라인여행사순위
25
4
0
0
온천여행추천
41
23
9
0
온타리오여행
9
7
3
0
올댓여행
980
377
2
22
올댓트레블
28
4
2
0
올랜도투어
12
9
7
0
올인클루시브몰디브
3
4
2
0
올후벨리리조트
29
23
3
0
와인투어
71
58
9
2
외국여행패키지
19
17
3
1
외환카드여행
254
116
2
27
외환카드여행사
28
33
0
0
요코하마국립
9
4
0
0
요코하마랜드마크
49
76
0
0
요코하마하나비
38
68
0
0
요하네스버그호텔가격
0
0
0
0
요하네스버그호텔예약
1
0
0
0
우레시노
508
402
9
4
우루과이비자
21
14
0
0
우르과이여행
22
18
2
0
우리카드여행사
11
4
0
0
우즈베키스탄골프
112
70
9
9
우즈베키스탄골프투어
9
4
8
1
우즈베키스탄전문여행사
3
3
0
0
운젠온천
153
86
8
2
울루와뚜사원
147
151
2
0
울후벨리
32
31
3
0
워싱턴DC
838
768
0
0
워싱턴DC관광지
14
4
0
0
워싱턴DC위치
17
16
0
0
워싱턴DC호텔
100
70
7
3
워싱턴관광지
43
47
2
0
워싱턴여행사
25
21
9
0
워터프런트세부시티
19
19
0
0
원가게
55
69
2
1
원가계관광
1
1
0
0
월드리조트식사
25
39
3
0
월드리조트자유여행
2
5
0
0
0
0
0
0
웨스틴랑카위리조트
8
2
3
0
위니펙여행
24
22
2
0
윈드스타크루즈
5
2
3
0
유니랜드CC
146
92
9
5
유니버셜스튜디오패키지
15
17
2
2
유다온천
35
32
2
0
유람선패키지
29
42
2
1
유럽11월여행
11
5
0
0
유럽3개국
36
50
8
0
유럽4개국
35
36
6
0
유럽6개국
20
15
3
0
유럽8일
13
22
2
0
유럽기차가격
54
39
5
1
유럽기차노선
27
16
2
2
유럽기차예매
24
33
6
1
유럽기차종류
33
25
2
0
유럽기차표
44
42
4
5
유럽리버크루즈
22
30
2
1
유럽배낭여행지
4
0
0
0
유럽배낭전문여행사
1
0
0
0
유럽버스여행
49
23
5
1
유럽세미패키지
525
398
8
69
유럽얼리버드
535
225
8
15
유럽여행100만원
3
4
0
0
유럽여행11월
27
36
0
0
유럽여행4월
11
28
2
0
유럽여행6월
9
11
3
0
유럽여행가볼만한곳
7
17
2
0
유럽여행기념품
360
972
1
0
유럽여행기차
63
62
3
3
유럽여행비수기
327
393
8
3
유럽여행스위스
53
67
0
0
유럽여행이벤트
71
52
9
1
유럽여행크루즈
4
1
0
0
유럽열차가격
14
7
3
0
유럽열차여행
15
11
3
2
유럽장기여행
68
93
9
3
유럽철도시간표
21
21
2
0
유럽철도여행
47
35
8
2
0
0
0
0
유럽쿠루즈여행
4
0
0
0
유럽크루즈
101
101
9
5
유럽크루즈여행
452
777
8
29
유럽크루즈여행비용
11
22
7
0
유럽호텔팩추천
2
3
10
0
0
0
0
0
유아동반가족여행
20
24
7
0
유후인패키지
39
46
9
5
은혼식여행
4
8
2
0
이스라엘크루즈
2
5
1
0
이스탄불크루즈
35
47
2
0
이집트룩소
21
10
2
0
이집트여행지
24
16
0
0
이쿼녹스호
6
2
2
0
이탈리아야경투어
12
17
3
1
이탈리아지중해크루즈
2
1
2
0
이탈리아현지여행사
43
25
6
5
이태리아울렛투어
2
2
3
0
이태리크루즈
10
19
2
1
인도네시아골프여행
18
19
8
0
인도네시아사이트
36
7
0
0
인도아시아나
5
11
2
0
인디애나여행
24
22
2
0
인디애나폴리스여행
44
27
3
0
인천출발크루즈여행
22
40
3
2
인타논CC
16
0
2
0
인터라켄투어
37
28
8
0
일리노이여행
16
10
0
0
일본가는배
600
631
7
39
일본겨울여행추천
16
2
5
0
일본골프추천
5
1
0
0
일본골프클럽
25
38
6
1
일본관광가이드
112
124
10
1
일본동경여행코스
25
13
8
0
일본료칸여행패키지
5
4
5
2
일본사가현
529
490
2
0
일본선박패키지
4
17
0
0
일본아오모리온천
2
4
3
1
일본여행1박2일
51
59
6
5
일본여행가이드
347
330
10
6
일본여행패키지가격
19
44
7
1
일본여행패키지추천
20
11
9
0
일본오사까
21
17
2
0
일본온천2박3일
4
0
6
0
일본온천료칸
41
34
9
1
일본온천패키지여행
8
8
9
1
일본올빼미
114
119
6
13
일본자유여행사
20
11
6
0
일본쿠르즈여행
10
7
4
1
일본클럽매드
18
21
6
0
일본하코네온천
24
38
8
0
일본후쿠오카여행지
12
9
0
0
일본훗카이도자유여행
9
12
2
1
일요일여행사
12
20
1
2
일일기차여행
18
47
5
1
임산부해외여행
363
741
10
4
임신중해외여행
149
433
9
1
자금성관광
27
34
2
0
자금성여행
50
27
2
1
자유여행예약
8
6
9
0
장가계1월
6
5
1
0
장가계4월
1
2
3
0
장가계성수기
23
29
2
0
장가계여행준비물
793
948
2
16
장가계일정
12
16
3
0
장가계장사
15
11
2
0
장기유럽여행
35
36
6
4
저가크루즈
2
0
3
0
저가패키지
24
24
2
3
저가패키지여행
32
13
6
3
저렴한중국비자
20
8
9
2
저렴한크루즈
3
1
8
0
저렴한크루즈여행
6
11
7
0
저렴한패키지여행
35
37
9
3
전국골프장
2,053
2,911
9
12
전북순환관광
13
5
2
0
전북시티투어
45
15
2
1
제네바관광
147
133
3
0
제미니호
51
68
2
1
0
0
0
0
제주대명리조트가격
382
510
10
17
제주도로신혼여행
0
5
0
0
제주도신혼여행지추천
3
0
0
0
제주도아쿠아플라넷할인
1,063
1,609
9
60
제주도칠순여행
7
5
3
1
제주도학술대회
10
4
2
0
제주라마다호텔수영장
283
577
2
5
제주롯데호텔객실
56
107
3
0
제주롯데호텔캠핑존
101
103
3
8
제주롯데호텔화산분수쇼
275
426
1
1
제주모두투어
88
58
5
10
제주신라카바나
66
199
1
0
제주신라프라이빗비치
152
412
2
1
제주신라호텔캠핑
79
108
6
1
제주신혼여행지
3
1
0
0
주말상해여행
5
2
3
0
주말여행정보
9
0
0
0
주말여행패키지
5
6
6
1
주말태국여행
2
1
0
0
중국1년복수비자
55
38
8
1
중국L비자
178
156
8
2
중국개인비자
223
182
8
6
중국고구려유적지
13
3
1
0
중국골프전문여행사
2
0
0
0
중국관광비용
1
8
3
0
중국관광비자가격
88
82
9
3
중국관광비자발급비용
5
9
2
0
중국관광비자비용
49
28
8
3
중국관광비자종류
5
19
2
0
중국광주골프여행
0
1
0
0
중국기업연수
1
1
0
0
중국단기비자
71
69
8
3
중국단체배낭여행
8
2
3
2
중국단체비자비용
66
55
8
3
중국단체비자신청
14
6
2
0
중국당일비자발급
3
1
0
0
중국대사관지정여행사
46
26
7
2
중국백석산
98
163
4
6
중국복수비자발급비용
11
6
3
0
중국복수비자비용
78
48
9
1
중국복수비자신청
20
6
3
0
중국북경관광지
43
32
3
1
중국비자90일
15
24
3
1
중국비자강남역
17
16
5
1
중국비자나라
87
43
6
4
중국비자대구
12
8
2
2
중국비자대행추천
6
2
0
0
중국비자멀티
9
2
3
0
중국비자발급대행사
3
1
9
0
중국비자발급받는곳
5
8
0
0
중국비자발급받는방법
3
3
0
0
중국비자발급소요기간
5
2
3
0
중국비자발행
14
8
7
0
중국비자신청하는곳
9
20
3
0
중국비자재발급
22
28
3
0
중국비자저렴한곳
23
7
9
5
중국비자전문여행사
8
6
5
2
중국비자준비
13
11
2
0
중국비자피
5
3
3
0
중국상용단수비자
6
2
3
0
중국소주신라호텔
22
16
0
0
중국양삭
55
42
6
1
중국어번역사이트추천
1
2
0
0
중국여객선
104
71
3
3
중국여행배
16
11
0
0
중국여행비교
6
4
0
0
중국여행비자가격
42
60
6
2
중국여행비자발급비용
4
5
0
0
중국여행비자비용
51
69
0
0
중국여행심천
0
1
0
0
중국여행싸게가기
1
1
10
0
중국여행추석
3
3
0
0
중국여행패키지가격
0
11
0
0
중국역사기행
48
20
0
0
중국연변여행
66
60
2
4
중국연태골프장
36
37
8
0
중국이케아
185
308
2
0
중국자동차여행
43
29
0
0
중국장가게관광
24
11
2
2
중국장가게여행비용
1
14
1
2
중국장가계관광
6
1
0
0
중국장가계여행추천
1
0
0
0
중국장사
929
1,146
7
5
중국장사위치
90
83
0
0
중국정주여행지
0
0
0
0
중국청도가이드
50
38
0
0
중국출장준비
41
48
0
0
중국출장준비물
90
107
2
0
중국취업비자받는법
2
1
0
0
중국취업비자발급
33
13
6
0
중국취업비자서류
151
61
7
1
중국칭따오
266
344
2
7
중국크루즈
149
209
8
8
중국태산
929
1,117
8
14
중국패키지추천
9
3
0
0
중국하문골프
2
2
10
0
중국하이난신혼여행
7
5
2
0
중국항주관광지
4
1
0
0
중국항주위치
50
49
0
0
중국화산트래킹
13
6
2
0
중국황산여행기
2
2
0
0
중국황산여행비용
3
18
10
0
중국황산여행사
5
3
0
0
중국황산여행안내
1
2
0
0
중국황산여행코스
2
3
0
0
중국황산여행패키지
0
4
0
0
중남미여행적기
90
53
1
8
중남미크루즈
14
1
2
1
중동크루즈
2
1
3
0
쥬메이라비타밸리
14
19
3
0
지역별여행정보
2
0
2
0
지중해국가
87
89
0
0
지중해바다
82
119
0
0
지중해배낭
0
1
0
0
지중해크루즈비용
5
10
8
0
지중해크루즈여행가격
98
130
8
7
지중해크루즈여행경비
9
17
3
0
지중해크루즈여행비용
64
76
8
1
지중해크루즈예약
6
3
3
0
진시황릉병마용갱
319
513
2
0
차야라군
24
15
3
0
천문봉산장
22
7
2
0
청도비자
151
132
7
4
청도크루즈
7
11
2
0
체코가이드
29
22
10
0
체코자유여행경비
5
15
3
0
초호화지중해크루즈
36
46
1
2
최고급크루즈여행
5
10
2
0
최저가패키지
21
11
2
2
춘천기차여행
1,857
3,993
5
46
춘천당일치기기차여행
22
28
2
0
충청도여행지추천
2,295
21,276
3
2
취리히프라하야간열차
86
59
2
6
치앙마이골드캐년
40
10
8
0
치앙마이골프비용
0
1
0
0
치앙마이골프텔
9
7
3
0
치앙마이골프투어
20
16
9
1
치앙마이알파인
41
18
8
1
치앙마이알파인골프장
9
6
3
0
친구끼리동남아여행
4
1
0
0
친구동남아여행
9
12
0
0
친구랑동남아여행
1
10
0
0
친구와동남아여행
10
9
2
0
칭다오맥주거리
79
149
1
0
칭다오맥주축제기간
17
8
1
0
칭다오크루즈
11
4
2
0
칭따오맥주축제
193
319
1
14
카니발크루즈
153
289
3
0
카니발크루즈라인
1
0
0
0
카드사여행
22
9
2
1
카리브크루즈
13
16
7
0
카리브해크루즈
95
115
8
3
카리브해크루즈가격
2
1
1
0
카리브해크루즈비용
0
0
0
0
카리브해크루즈여행
5
5
8
0
카리브해크루즈여행가격
0
0
0
0
카리브해크루즈여행경비
4
21
2
0
카리브해크루즈여행비용
0
0
0
0
카멜리아호예약
31
7
2
1
카멜리아훼리
10
1
0
0
칸돌루
681
450
2
21
칸두마리조트
13
5
0
0
칸차나부리미션힐
29
11
2
0
칸쿤VJ특공대
9
17
1
0
칸쿤견적
68
85
4
5
칸쿤더로얄리조트
8
1
3
0
칸쿤부산출발
5
9
3
1
칸쿤신혼여행일정
142
181
9
3
칸쿤크라운파라다이스
21
28
8
0
캄보디아5성급호텔
29
63
3
0
캄보디아골프
191
200
9
6
캄보디아골프여행
44
33
9
3
캄보디아골프투어
8
7
6
1
캄보디아신혼여행
48
91
9
0
0
0
0
0
캄보디아풀빌라
49
67
8
1
캄보디아현지투어
10
7
5
0
캐나다관광상품
4
7
3
0
캐나다록키자유여행
4
2
3
0
캐나다벤쿠버
1,326
1,559
9
4
캐나다크루즈
6
15
7
0
캐리비안크루즈
61
66
3
2
캐리비안크루즈여행
1
4
2
0
캐리비언크루즈
3
3
1
0
캘리포니아배낭여행
5
8
2
0
커플봄여행
1
1
10
0
컨딩
581
610
2
0
0
0
0
0
케언즈크루즈
8
11
1
0
코레일철도
49
20
2
0
코스타루미노사
8
8
0
0
코스타빅토리아
104
157
3
2
코스타빅토리아크루즈
5
2
2
0
코스타빅토리아호
25
18
2
0
코스타세레나
15
6
2
0
코스타세레나호
11
5
2
0
코스타아틀란티카
36
63
2
0
코스타아틀란티카호
8
7
3
0
코스타크루즈여행
4
1
3
0
코스타클래시카
8
3
2
0
코스타클래시카호
2
11
0
0
코창여행사
8
7
2
0
코코팜도니콜루
5
0
3
0
코코팜리조트
26
31
3
0
코코팜몰디브
20
16
3
0
코타키나발루크루즈
5
9
3
0
코타키나발루휴양여행
0
0
0
0
코펜하겐크루즈
8
5
2
0
콘스탄스무푸쉬
27
40
3
0
콘스탄스무푸시
95
87
4
1
콜로라도스프링스
300
298
0
0
콜롬비아여행사
6
5
1
0
쿄토료칸
225
182
9
11
쿠나드라인
1
0
1
0
쿠나드크루즈
3
5
2
0
쿠레두
69
36
3
2
쿠로가와
644
497
9
5
쿠로가와여행
19
8
8
0
쿠로가와오쿠노유
29
16
3
0
쿠로가와온천
519
530
9
8
쿠로가와온천여행
3
2
10
0
쿠루즈
622
1,336
6
6
0
0
0
0
쿠르즈여행
331
524
8
17
쿠르즈여행가격
9
19
2
0
쿠르즈여행비용
17
35
1
2
쿠알라룸푸르자유여행경비
22
17
2
0
퀸메리2호
122
191
4
2
퀸메리호예약
7
6
2
0
큐나드라인
26
27
1
0
크로아티아크루즈
29
22
2
2
크루저여행
83
144
5
3
크루져여행
52
100
7
2
크루주여행
27
55
7
0
크루즈가족여행
8
3
9
0
크루즈객실
16
19
1
0
크루즈땡처리
5
1
2
0
크루즈배
131
304
2
0
크루즈상품
29
15
9
1
크루즈선사
47
17
7
2
크루즈세계여행
58
53
7
4
크루즈세계일주
208
287
5
11
크루즈시설
4
2
2
0
0
0
0
0
크루즈여객선
63
109
2
2
크루즈여행가격
385
852
9
16
크루즈여행경비
25
66
9
0
크루즈여행비용
232
523
9
9
크루즈여행상품
241
176
9
15
크루즈여행예약
7
6
3
0
크루즈여행패키지
3
4
8
0
크루즈여행할인
7
0
0
0
크루즈예약
58
29
9
1
크루즈요금
2
3
3
0
크루즈유럽여행
7
20
2
0
크루즈자유여행
5
5
2
1
크루즈중국여행
4
2
3
0
크루즈투어
78
55
8
1
크루즈특가
3
4
3
0
크루즈패키지
46
33
9
1
크루즈해외여행
8
60
8
0
크루즈호
72
170
3
1
크리스마스미국여행
8
8
2
0
크리스마스크루즈여행
0
0
1