==전세계 50만여개 호텔 실시간 예약==
​
아고다 사이트(agoda) 바로가기
<==클릭
=호텔가격비교 전세계 호텔 60만여개 실시간 예약=
호텔스컴바인(hotelscombined) 바로가기
<== 클릭
삿포로프린스호텔
179
161
10
4
삿포로호텔
1,252
713
10
73
삿포로호텔예약
58
16
10
4
삿포로호텔추천
352
200
10
7
상트페테르부르크항공
11
11
6
1
상하이고급호텔
7
5
10
0
0
0
0
0
상하이레지던스호텔
9
4
3
0
상하이수영장호텔
10
7
0
0
상하이시내호텔
9
4
4
0
상하이여행호텔
5
7
3
0
상하이저렴한호텔
12
17
10
0
상하이추천호텔
21
7
10
0
상하이특급호텔
11
14
9
0
상하이항공
645
374
10
11
상하이호텔가격
17
14
10
0
상하이호텔예약
35
18
10
2
상하이호텔추천
532
427
10
8
상해갤럭시호텔
5
3
3
0
상해고급호텔
50
58
10
0
상해공항
1,610
1,297
2
0
상해공항근처호텔
6
4
3
0
상해공항호텔
42
27
7
1
상해그랜드하얏트
69
106
9
1
상해그랜드하얏트호텔
35
20
7
1
상해래디슨호텔
13
9
3
1
상해레지던스호텔
25
6
9
0
상해비즈니스호텔
26
9
4
0
상해샹그릴라호텔
33
33
6
1
상해숙박
220
157
10
13
상해숙박추천
4
0
10
0
상해숙소
268
283
10
13
상해시내호텔
26
19
10
0
상해여행호텔
51
20
0
0
상해위치좋은호텔
15
12
0
0
0
0
0
0
상해저가호텔
16
4
10
0
상해저렴한호텔
30
38
10
1
상해추천호텔
34
13
10
0
상해특급호텔
43
46
10
1
상해퍼시픽호텔
28
20
3
1
상해포시즌호텔
50
44
7
3
상해하워드존슨호텔
24
35
3
0
상해항공권
2,472
1,755
10
135
상해항공권땡처리
7
5
0
0
상해호텔
2,169
2,125
10
82
상해호텔가격
97
144
10
2
상해호텔비용
9
7
10
0
상해호텔예약
128
118
10
11
상해호텔추천
958
655
10
13
상해호텔프로모션
177
129
9
15
상해홀리데이인다운타운
16
7
3
0
상해힐튼호텔
259
419
10
4
샌프란시스코공항
1,197
1,178
0
0
샌프란시스코국제공항
114
81
0
0
샌프란시스코항공권
527
353
10
36
샤인빌럭셔리리조트
1,649
1,497
10
37
샤인빌리조트가격
663
704
10
30
샤인빌리조트예약
30
26
10
2
샤인빌리조트할인
11
5
9
1
샬럿공항
13
9
0
0
샬렛스위스
29
12
2
0
샴록호텔
51
39
3
0
샹그릴라중국
21
20
0
0
샹그릴라호텔도쿄
13
3
10
0
샹그릴라호텔방콕
24
7
9
0
샹그릴라호텔싱가포르
30
12
9
0
샹하이호텔
13
13
9
0
서귀포리조트
606
558
9
16
서귀포리조트추천
20
25
3
0
서귀포시리조트
92
73
9
2
서귀포시콘도
19
25
10
0
서귀포시호텔
230
171
10
5
서귀포오션팰리스
409
553
9
9
서귀포저렴한숙소
25
36
9
0
서귀포칼
701
507
10
11
서귀포칼호텔예약
14
32
10
1
서귀포칼호텔할인
16
3
10
0
서귀포호텔
3,970
5,635
10
70
서귀포호텔예약
18
15
10
0
서귀포호텔추천
51
28
10
1
서든비치리조트
5
11
2
0
서든비치호텔
9
8
3
0
서머셋아자부이스트
8
5
0
0
서면롯데호텔
1,038
1,748
10
13
서면토요코인
790
1,490
9
27
서면호텔
1,291
1,755
9
49
서울PJ호텔
55
43
8
1
서울교육문화회관가는길
70
76
1
0
서울교육문화회관별관
6
2
0
0
서울교육문화회관숙박
5
5
3
0
서울교육문화회관패키지
1
4
0
0
서울그랜드앰배서더
18
13
3
0
서울그랜드하얏트
1,043
1,289
10
33
서울그랜드힐튼
666
802
9
10
서울그랜드힐튼호텔
165
144
10
2
서울기차여행
282
566
4
9
서울남대문호텔
18
9
2
1
서울더프라자호텔
63
51
2
5
서울도미인
7
15
3
0
0
0
0
0
서울라마다
577
948
9
6
서울라마다동대문
16
22
1
2
서울라마다호텔
792
845
10
7
서울레일텔
17
14
1
10
서울레지던스할인
4
6
10
0
서울레지던스호텔예약
40
11
9
1
서울레지던스호텔할인
0
0
0
0
서울렉스
20
10
2
1
서울렉스빌레지던스
7
6
3
0
서울렉스호텔
255
143
9
6
서울렉싱턴호텔
69
65
9
1
서울로얄
22
27
0
0
서울롯데시티호텔
26
46
9
0
서울롯데호텔
1,654
1,751
10
16
서울롯데호텔예약
8
8
10
0
서울리베라호텔
312
342
10
2
서울마포호텔
15
8
2
0
서울명동호텔
173
154
10
5
0
0
0
0
서울반얀트리가격
311
995
9
12
서울반얀트리호텔
75
69
10
2
서울부띠끄호텔
594
629
4
22
서울부티끄호텔
35
38
1
5
서울브라운스위트
19
27
3
0
서울브라운스위트레지던스
10
11
3
0
서울비코인
24
18
1
7
서울세종호텔
88
80
10
1
서울센트럴
175
226
1
0
서울센트럴호텔
47
67
5
0
서울숙박가격
84
90
8
3
서울숙박정보
15
14
9
1
서울숙소예약
36
18
10
3
서울쉐라톤그랜드워커힐
11
18
3
0
0
0
0
0
서울쉐라톤디큐브시티
10
13
3
1
서울스타즈
57
134
0
0
서울스타즈호텔
81
168
5
1
서울스탠포드
6
14
4
0
서울스탠포드호텔
86
55
9
0
서울시중구호텔
11
9
3
0
서울시청주변호텔
33
25
2
0
서울시청호텔
219
282
5
6
서울신촌호텔
20
19
3
0
서울아이콘호텔
12
15
3
0
서울역근처숙박
714
1,450
10
32
서울역근처숙소
36
62
2
4
서울역근처호텔
469
504
5
17
서울역호텔
900
1,161
6
36
서울역호텔추천
3
8
3
0
서울영등포호텔
20
22
3
0
서울을지로코업레지던스
4
2
0
0
서울이태원호텔
24
23
3
1
서울인근호텔
36
29
4
1
서울인사동호텔
44
54
3
3
서울잠실호텔
75
85
7
3
서울저가호텔
95
101
9
7
서울주변호텔
9
7
3
1
서울청담동호텔
8
10
2
0
서울추천호텔
44
80
10
2
서울코업레지던스
42
35
3
2
서울코엑스호텔
40
22
3
3
서울프라자
482
683
9
1
서울프레지던트
31
37
3
0
서울프레지던트호텔
133
81
10
1
서울현대레지던스
32
33
9
1
서울현대레지던스호텔
7
7
0
0
서울호텔비
8
17
2
0
서울호텔싼곳
39
51
9
2
서울홍대호텔
32
29
2
5
서유럽비행기
10
15
5
1
서유럽저가항공
8
2
2
0
서유럽항공
11
16
10
0
서초레지던스
173
315
10
4
0
0
0
0
서초스테이세븐
8
11
3
0
서초아르누보씨티
25
38
9
0
서초캘리포니아
67
86
3
4
서초캘리포니아호텔
199
189
8
7
서초코업
29
13
3
0
서초코업레지던스
454
500
9
6
서초프렌드호텔
3
17
2
0
서촌한옥마을
371
624
1
0
서튼플레이스호텔
9
4
7
0
서튼호텔하카타시티
722
381
10
22
선라이트신주쿠
539
363
10
10
선라인후쿠오카
209
142
7
4
선라인후쿠오카호텔
9
1
3
0
선루트아리아케
50
30
9
1
선루트아리아케호텔
6
15
10
0
선루트프라자나고야
80
33
3
4
선루트프라자신주쿠
119
87
7
8
선루트플라자도쿄
14
10
8
0
선루트하카타
201
176
9
2
선루트하카타호텔
12
7
3
0
선루트히가시신주쿠
28
18
8
0
선마리나호텔
142
201
10
2
선멤버스도쿄신주쿠
42
19
10
0
선밸리호텔
382
280
6
10
선벨리호텔
45
52
3
3
선샤인시티프린스호텔
108
56
10
1
선샤인호텔예약
11
0
10
2
선샤인호텔제주
73
43
10
1
선셋비즈니스
192
147
7
6
선셋비즈니스호텔
279
183
10
4
선셋비지니스
929
1,124
10
24
선셋비지니스호텔
727
510
10
12
선셋비지니스호텔부산
17
2
4
0
선셋비지니스호텔예약
8
5
0
0
선셋비지니스호텔할인
0
0
0
0
선월드다이너스티
130
156
3
0
선월드다이너스티호텔
64
41
10
1
설악한화리조트
7,131
10,367
10
91
섭지코지호텔
94
122
4
2
성북홀리데이인
61
63
2
0
성북홀리데이인호텔
11
12
3
0
성수기리조트
79
77
4
12
성수기유럽항공권
7
7
2
1
성수기콘도예약
1,331
1,149
10
165
성수기호텔예약
23
14
9
2
세계할인호텔
4
1
0
0
세르비아항공권
9
5
0
0
세부공항
1,555
1,860
3
0
세부그랜드호텔
24
10
3
0
세부제주항공
265
360
7
9
0
0
0
0
세부퍼시픽항공권예약
31
11
8
0
세부퍼시픽항공사
82
26
9
1
세부퍼시픽항공예약
546
160
9
25
세부퍼시픽항공예약사이트
0
0
0
0
세부항공
2,321
1,259
10
61
세부항공권
7,379
5,080
10
422
세부항공권예약
101
60
10
7
세부항공땡처리
8
3
0
0
세븐스트리트명동
463
482
2
32
세븐스트리트서울
1,099
1,431
2
54
세븐스트리트호텔
257
334
3
10
세울스타즈
147
214
9
1
세울스타즈호텔
907
1,586
9
3
세인트레지스
799
752
10
11
세인트레지스예약
2
5
0
0
세인트레지스오사카
111
100
10
2
세인트레지스호텔
49
18
10
1
세인트레지스호텔오사카
4
1
0
0
세종호텔명동
18
36
3
0
세종호텔서울
15
5
3
0
센다이숙박
6
1
0
0
센다이호텔
31
29
10
1
센추리로얄호텔
15
10
8
0
센추리서든타워
2
0
0
0
센츄리파크
18
28
3
0
센텀호텔해운대
16
24
6
0
0
0
0
0
센트럴호텔후쿠오카
236
107
10
4
센트럴후쿠오카
25
17
3
2
센트로
262
219
0
0
센트로호텔
791
1,161
10
9
셩완호텔
84
59
6
0
셰익스피어
4,867
6,908
0
0
소공동롯데호텔
2,366
2,847
3
0
소테츠프레사인도쿄교바시
14
7
9
0
소테츠프레사인하마마츠초다이몬
23
1
10
1
소피텔마카오
384
320
10
4
소피텔방콕수쿰빗
9
3
0
0
소피텔수쿰빗
62
58
3
0
소피텔쏘방콕
5
14
3
0
소피텔앰배서더
30
16
0
0
소피텔앰배서더서울
5
4
3
0
소호아사쿠사호텔
17
11
3
0
속리산레이크힐스
585
453
10
10
속리산레이크힐스리조트
8
14
4
0
솔라리아니시테츠
80
71
6
0
솔라리아니시테츠호텔
74
41
10
1
솔라리아니시테츠호텔긴자
9
4
10
0
솔비치
14,621
25,086
10
245
솔비치라오텔
158
172
9
7
솔비치리조트
6,333
13,114
10
155
솔비치리조트예약
91
67
8
9
솔비치호텔
1,066
1,150
10
28
솔비치호텔가격
14
42
3
0
솔비치호텔예약
26
19
4
4
솔비치호텔패키지
11
0
0
0
솔즈베리
365
427
0
0
솔즈베리YMCA
120
55
10
2
솔즈베리YMCA호텔
79
27
10
2
솔즈베리호텔
38
36
10
0
솔즈베리홍콩
9
10
9
0
송산공항호텔
23
15
0
0
수영구호텔
49
31
3
5
수영장있는콘도
94
122
1
20
수영장콘도
274
265
2
15
수영장호텔추천
15
15
0
0
숙박
5,691
5,710
10
105
숙박가격비교
27
13
8
2
숙박권
1,010
752
3
17
숙박땡처리
72
90
4
8
숙박료
158
79
3
0
숙박비
802
467
3
0
숙박비교
45
16
8
2
숙박사이트
315
228
8
20
숙박상품권
6
2
3
0
숙박서울
5
10
7
0
숙박시설
1,276
1,279
10
17
숙박시설검색
14
5
1
3
숙박실시간예약
11
14
8
1
숙박싼곳
58
62
10
2
숙박업소
647
1,035
10
8
숙박업체
48
23
3
1
숙박여행
40
23
10
1
숙박예약사이트
283
109
10
10
숙박요금
93
71
3
0
숙박집
13
22
3
0
숙박추천
62
38
10
1
숙박코리아
7
2
0
0
숙박특가
9
6
3
1
숙박할인
459
483
10
20
숙박할인사이트
18
9
9
1
숙소
2,663
2,613
10
18
숙소정보
10
1
4
0
숙소추천
13
10
3
0
순천노블레스호텔
1,121
605
3
27
순천레이크힐스
668
447
10
3
순천레이크힐스리조트
21
17
3
0
순천레이크힐스호텔
56
37
7
1
순천리조트
349
324
2
24
쉐라톤그란데오션리조트
4
7
3
0
쉐라톤그랑데도쿄베이호텔
7
4
0
0
쉐라톤그랜드워커힐서울
8
0
3
0
쉐라톤그랜드호텔
36
35
3
0
쉐라톤디큐브시티
5,750
8,669
10
40
쉐라톤디큐브시티호텔
1,724
1,581
10
15
쉐라톤디큐브시티호텔예약
0
8
0
0
쉐라톤디큐브시티호텔할인
1
2
3
0
쉐라톤미야코호텔오사카
74
58
10
2
쉐라톤서울디큐브시티호텔
276
93
10
1
쉐라톤워커힐가는길
7
26
0
0
쉐라톤워커힐객실
10
31
1
0
쉐라톤워커힐위치
6
23
0
0
쉐라톤워커힐채용
35
37
1
0
쉐라톤워커힐패키지
2,540
2,096
7
82
쉐라톤워커힐호텔
2,815
1,948
10
16
쉐라톤워커힐호텔패키지
24
26
8
2
쉐라톤타이페이
51
54
8
0
쉐라톤호텔홍콩
11
10
6
0
쉐라톤홍콩
620
463
10
13
쉐라톤홍콩호텔
64
23
9
2
쉐라톤홍콩호텔앤타워
3
1
0
0
쉐르빌온천호텔
1,091
2,334
2
144
슈가팜그랜드힐사이드
24
43
9
0
스리랑카공항
121
70
1
0
스리랑카국제공항
14
7
1
0
스리랑카항공사
8
1
0
0
스리랑칸항공
11
10
3
0
스린야시장근처호텔
12
10
2
0
스마일호텔남바
238
166
9
3
스마일호텔니혼바시
74
28
8
2
스마일호텔니혼바시미츠코시마에
26
8
3
2
0
0
0
0
스마일호텔도쿄니혼바시
192
138
10
4
스마일호텔도쿄아사가야
27
13
8
1
스마일호텔스가모
15
7
3
1
스마일호텔아사쿠사
170
62
10
3
스마일호텔오키나와나하
57
31
10
0
스마일호텔하카타
80
26
10
0
스마일호텔하코다테
10
2
10
0
스스키노그린
3
0
3
0
스스키노그린호텔
39
25
6
3
스스키노그린호텔1
5
2
3
0
스웨덴공항
180
82
0
0
스웨덴항공사
17
20
3
0
스위소텔취리히
6
4
3
0
스위스공항
1,716
868
2
0
스위스국제공항
130
39
1
0
스위스루체른호텔
111
174
7
4
스위스항공사
40
23
3
0
스위스호텔난카이오사카
15
4
9
0
스위트호텔남원
1,663
1,370
9
40
스이메이칸
32
27
9
1
스카이시티메리어트
41
22
5
1
스카이시티메리어트호텔
14
2
4
1
스카이시티메리엇
2
2
0
0
스카이코트하카타
65
39
3
1
스카이파크명동
111
90
3
1
스카이파크명동2
9
11
2
0
스카이파크호텔
456
413
9
3
스카이파크호텔명동
10
6
3
0
스칸디나비아항공
1,866
814
3
1
스칸디나비아항공사
7
5
0
0
스쿠트항공권
27
14
4
4
스쿠트항공예약
112
23
4
11
스쿠트항공할인
6
5
3
0
스타게이트호텔간사이에어포트
30
20
7
0
스타프라자이케부쿠로
6
3
3
0
스타플라이어항공
563
404
1
27
스탠포드서울
22
25
3
0
스탠포드호텔
3,971
4,808
10
21
스탠포드호텔서울
153
61
10
0
스탠포드호텔예약
10
8
10
0
스탠포드호텔할인
3
0
0
0
스탠포드호텔홍콩
18
20
3
0
스탠포드힐뷰호텔
77
42
9
0
스테이
1,399
2,039
3
0
스테이강남레지던스
15
3
0
0
스테이서울
124
81
4
3
스테이세븐레지던스
50
40
10
1
스테이세븐레지던스마포
12
3
0
0
스테이세븐마포
1,030
1,021
10
23
스테이세븐서초
22
14
7
0
스테이션호텔고쿠라
36
13
8
3
스테이호텔
501
731
5
12
스텐포드힐뷰
49
39
2
0
스텐포드힐뷰호텔
34
27
3
2
스텔라부티크
13
25
1
2
스페인여행항공권
11
12
3
2
스페인왕복항공
1
5
3
0
스페인항공권추천
2
4
0
0
스페인항공사
213
120
8
2
스프링힐제주
34
11
9
1
스프링힐펜션
33
17
9
0
슬로바키아항공권
12
5
9
0
슬로베니아공항
39
17
1
0
슬로베니아비행기
5
7
3
0
시나가와고탄다
329
319
6
5
시나가와고탄다호텔
24
9
3
1
시나가와숙박
8
2
0
0
시나가와숙소
13
3
9
0
시나가와프린스
1,022
986
10
24
시나가와프린스호텔
673
344
10
20
시나가와호텔추천
5
4
4
0
시드니땡처리항공
12
8
9
1
시드니비행기표
123
156
10
12
시드니할인티켓
8
14
3
0
시드니할인항공권예약
1
0
0
0
시드니항공권
1,172
846
10
76
시라하마숙박
10
12
5
0
시라하마숙소
15
16
2
1
시라하마호텔
33
46
5
2
시레토코호텔
31
23
3
2
시먼띵
106
134
0
0
시먼띵호텔
10
13
1
0
시모노세키호텔
36
45
5
3
시바텔방콕
52
48
10
0
시부야도큐인
176
147
10
7
시부야도큐인호텔
35
33
6
4
시부야비즈니스호텔
7
20
2
1
시부야숙박
33
17
10
2
시부야숙소
56
53
10
3
시부야엑셀호텔
14
11
10
0
시부야엑셀호텔도큐
279
312
10
10
시부야저렴한호텔
11
17
5
0
시부야호텔
615
607
10
26
시부야호텔추천
52
32
10
0
시설좋은팬션
23
8
10
3
시설좋은호텔
9
12
3
0
시오도메호텔
39
36
3
2
시저파크
79
51
9
1
시저파크타이페이
42
33
9
0
시저파크호텔
336
310
10
7
0
0
0
0
0
0
0
0
시즈오카숙박
7
8
8
0
시즈오카숙소
6
2
3
0
시청역근처호텔
20
28
4
0
시청역주변호텔
2
1
0
0
시청역호텔
106
173
3
1
시청호텔
331
574
9
2
시카고할인항공권
7
1
10
0
시카고항공권
225
165
10
18
시카베로얄호텔
1
1
0
0
시코쿠관광
10
4
0
0
시코쿠숙박
3
1
0
0
시코쿠여행
505
584
10
18
시코쿠자유여행
8
8
9
0
시코쿠호텔
14
4
4
1
시티데이즈인동대문
454
515
5
10
시티루트호텔오사카
63
23
10
0
시티뷰
119
79
0
0
시티오버랜드
10
8
3
0
시티오버랜드호텔
14
12
2
0
시티파크모텔
7
19
2
0
시티파크종로
7
3
1
3
시티파크호텔
96
76
9
1
시티프라자오사카
167
96
9
6
시티프라자오사카호텔
23
12
3
1
시티플라자오사카
105
74
9
1
시티호텔
271
277
10
0
신라제주
485
490
10
9
신라제주호텔
179
128
10
2
신라호텔가격
426
1,566
9
6
신라호텔제주도
37
62
10
0
신라호텔제주싸게가는법
3
1
0
0
신라호텔제주할인
20
21
10
1
신라호텔캠핑
106
225
1
7
신라호텔트램핑
3
2
1
0
신라호텔할인
348
331
10
9
신바시호텔
62
51
8
2
신사이바시근처호텔
17
9
3
1
신사이바시숙박
18
9
4
4
신사이바시치산호텔
20
18
10
0
신사이바시호텔
326
390
9
15
<form method="post" name="ncform" action="file:///C:/url.php"></form>
신사이바시호텔추천
9
9
3
0
신성펜션
72
73
3
1
신시내티공항
18
6
1
0
신시내티국제공항
4
0
0
0
신양파크
176
228
3
0
신양파크호텔
675
493
10
4
신오사카
314
325
0
0
신오사카에사카도큐인
52
51
9
1
신오사카역
484
505
3
0
신오사카역호텔
85
42
10
3
신오사카워싱턴호텔프라자
24
11
6
0
신오사카호텔
181
181
10
3
신오오쿠보호텔
43
21
1
15
신주꾸워싱턴호텔
20
10
7
0
신주쿠게이오
21
24
3
1
신주쿠뉴시티
25
19
10
0
신주쿠레지던스호텔
12
6
2
0
신주쿠로즈가든
37
47
9
1
신주쿠로즈가든호텔
30
23
7
2
신주쿠비즈니스호텔
33
60
8
2
신주쿠비지니스호텔
36
67
9
1
신주쿠선라이트
291
294
9
6
신주쿠선라이트호텔
134
86
10
3
신주쿠숙박
236
213
10
17
신주쿠숙소
119
120
10
7
신주쿠싼호텔
13
28
4
1
신주쿠워싱턴
261
136
10
3
신주쿠워싱턴호텔
3,617
3,547
10
80
신주쿠워싱턴호텔본관
49
36
0
0
신주쿠워싱턴호텔예약
116
97
10
4
신주쿠저렴한호텔
54
42
9
2
신주쿠저렴호텔
14
9
2
1
신주쿠주변호텔
18
6
8
0
신주쿠추천호텔
12
8
7
0
신주쿠프린스
265
152
10
6
신주쿠프린스호텔
2,160
1,978
10
82
신주쿠프린스호텔조식
58
49
3
1
신주쿠호텔
1,387
1,457
10
71
0
0
0
0
신주쿠호텔예약
18
23
10
1
신주쿠호텔추천
544
457
10
12
신주쿠힐튼호텔
75
89
10
1
신쥬쿠워싱턴호텔
50
32
3
2
신쥬쿠프린스
5
2
0
0
신촌까사빌가격
53
86
9
1
신촌까사빌레지던스
585
520
10
13
신촌까사빌레지던스가격
12
15
7
0
신촌까사빌레지던스예약
0
1
0
0
신촌까사빌예약
4
2
9
0
신촌라뉘호텔
102
295
6
4
신촌레지던스
1,218
1,761
10
33
신촌호텔추천
20
44
3
0
실시간국내호텔예약
306
173
10
27
실시간리조트
23
17
3
2
실시간숙박
139
202
9
5
실시간콘도예약
1,842
1,410
10
181
실시간해외호텔예약
5
0
10
0
실시간호텔예약
614
344
10
52
실시간호텔예약사이트
8
4
0
0
싱가포르100배즐기기
465
372
10
5
싱가포르관광
212
160
10
1
싱가포르관광명소
90
9
3
0
싱가포르관광지
401
343
10
3
싱가포르레지던스호텔
42
60
5
1
싱가포르리조트
102
116
10
3
싱가포르비즈니스호텔
8
3
0
0
싱가포르센토사
240
227
9
2
싱가포르숙박
294
181
10
12
싱가포르숙소
321
261
10
10
싱가포르싼호텔
7
9
9
0
싱가포르아마라
14
11
6
0
싱가포르아마라호텔
28
29
9
0
싱가포르여행일정
233
92
10
1
싱가포르여행후기
87
63
0
0
싱가포르예약
9
10
9
0
싱가포르오차드호텔
20
18
10
0
싱가포르자유여행일정
685
210
9
6
싱가포르저렴한호텔
98
54
10
2
0
0
0
0
싱가포르추천호텔
17
4
10
0
싱가포르콘도
62
66
5
1
싱가포르항공사
352
102
0
0
싱가포르헤리티지호스텔
27
10
2
0
싱가포르호텔비용
2
14
9
0
싱가폴3성호텔
10
20
2
0
싱가폴4성급호텔
25
36
3
0
싱가폴5성급호텔
114
96
7
2
싱가폴가족호텔
107
78
8
4
싱가폴게스트하우스
3,039
2,382
10
133
싱가폴고급호텔
73
37
10
0
싱가폴공항
1,634
1,405
0
0
싱가폴관광
679
531
10
6
싱가폴관광명소
68
66
3
0
싱가폴레지던스
121
92
8
6
싱가폴레지던스호텔
173
257
5
7
싱가폴비즈니스호텔
14
22
7
0
싱가폴비지니스호텔
34
36
9
0
싱가폴센토사
815
973
9
7
싱가폴센토사리조트
563
611
10
11
싱가폴센토사호텔
73
83
9
2
싱가폴숙박
655
566
10
27
싱가폴숙박예약
15
6
10
1
싱가폴숙박추천
43
16
10
0
싱가폴숙소예약
28
17
10
1
싱가폴숙소추천
534
498
9
12
싱가폴시내호텔
128
88
10
2
싱가폴싼호텔
19
26
9
0
싱가폴아마라호텔
199
209
10
4
싱가폴오차드로드
1,025
1,634
0
0
싱가폴유명호텔
55
85
10
0
싱가폴저가항공
2,732
1,482
9
159
싱가폴저렴호텔
27
34
6
1
0
0
0
0
싱가폴차이나타운
1,444
2,522
0
0
싱가폴최고급호텔
31
31
9
0
0
0
0
0
싱가폴추천호텔
59
62
10
0
싱가폴항공땡처리
15
18
3
4
싱가폴호텔가격
67
93
10
1
싱가폴호텔가격비교
10
6
10
0
싱가폴호텔로얄
57
42
9
0
싱가폴호텔비교
14
12
9
1
싱가폴호텔비용
10
13
10
0
싱가폴호텔순위
1,174
1,313
4
27
싱가폴호텔예약
497
242
10
37
싱가폴호텔위치
78
29
6
0
싱가폴호텔정보
3
0
0
0
싱가폴호텔추천
1,969
1,928
10
30
싱가폴호텔특가
15
2
10
1
싱가폴호텔패키지
4
12
9
0
싸게가는해외여행
11
36
9
0
싸고좋은호텔
12
17
10
0
싼비행기표
74
39
10
8
싼숙소
11
25
3
0
싼외국여행
17
33
3
0
싼콘도
14
26
5
2
싼항공
146
84
10
8
싼항공권
770
608
10
56
싼해외여행
293
635
10
10
싼호텔예약
11
1
10
0
썬루트아리아케
20
17
9
0
썬밸리여주
117
138
5
2
썬밸리호텔
7,062
8,979
9
238
썬밸리호텔여주
1,378
1,890
9
45
0
0
0
0
0
0
0
0
썬비치호텔
476
467
10
4
썬비호텔
488
405
6
14
0
0
0
0
썬호텔피닉스
28
9
3
0
쓰리세븐스테이
13
9
6
0
쓰리세븐스테이호텔
17
4
7
0
씨썬샌드리조트앤스파
6
5
2
0
씨에스호텔앤리조트
758
408
10
12
씨에어항공
19
11
2
2
씨클라우드호텔예약
34
44
10
3
씨클라우드호텔할인
12
16
10
1
아고라플레이스
128
126
1
23
아고라플레이스아사쿠사
1,202
1,112
10
24
아고라호텔
3,679
2,127
0
0
아나크라운플라자오사카
139
124
10
3
아나호텔
84
171
7
2
0
0
0
0
아드리게호텔
38
52
3
0
아라시야마호텔
14
8
2
2
아로우호텔오사카
125
32
9
3
아로파호텔
238
301
8
1
아르누보3
4
11
0
0
아르누보강남
57
56
9
1
아르누보레지던스
148
183
10
3
아르누보레지던스서초
2
1
0
0
아르누보시티3
31
34
6
0
아르누보시티강남
495
1,165
10
11
아르누보시티서초
508
659
10
14
아르누보시티호텔
42
66
9
0
아르누보씨티
421
367
10
4
아르누보씨티3
9
3
3
0
아르누보씨티서초
5
3
3
0
아르모니암브라세오사카
5
0
3
1
아르헨티나비행기값
14
44
7
0
아르헨티나항공
217
125
7
1
아름다운리조트
3,260
2,116
10
81
아리마그랜드호텔
114
79
7
10
아리마료칸
199
142
10
14
아리마료칸추천
12
9
3
0
아리마뷰호텔
16
8
6
0
아리마온천료칸예약
3
1
0
0
아리마온천료칸추천
18
2
2
0
아리마온천예약
10
4
5
1
아리마온천호텔
22
23
5
1
아리마호텔
16
9
5
0
0
0
0
0
아마가사키센트럴호텔
20
22
10
0
아마라싱가포르
45
24
9
0
아마라싱가폴
12
17
8
0
아마라호텔
99
101
9
1
아마레호텔
966
1,782
3
3
아메리칸항공
4,765
2,297
10
16
아메리칸항공예약
32
6
3
1
아메리칸항공학생
5
0
1
0
아모렉스호텔
158
235
9
1
아미스타아사가야
23
6
9
0
아비앙카항공
213
53
2
4
아사쿠사숙박
30
13
8
1
아사쿠사숙소
42
41
6
1
아사쿠사호텔추천
9
1
3
0
아사히가와호텔
14
2
3
2
아사히카와숙박
10
5
4
1
아사히카와숙소
23
14
5
3
아사히카와호텔
102
28
9
12
아센트호텔
132
90
4
3
아센트후쿠오카
77
76
5
2
아센트후쿠오카호텔
11
14
0
0
아소플라자호텔
4
6
3
0
0
0
0
0
아스토리아
569
571
10
4
아스토리아호텔
572
423
10
6
아스펜호텔
18
17
9
0
아시아나380
1,789
2,128
2
0
아시아나380스페셜에디션
233
663
3
5
아시아나A380
5,264
7,330
3
2
아시아나A380좌석
238
236
3
0
아시아나가격
13
53
3
0
아시아나비행기
271
607
3
0
아시아나비행기예약
6
8
5
0
아시아나비행기티켓
12
17
5
0
아시아나비행기표가격
2
7
3
0
아시아나비행기표예약
14
9
8
1
아시아나사이판항공권
4
5
0
0
아시아나싸게
11
11
3
1
아시아나에어텔
79
65
6
7
아시아나예약
684
593
9
3
아시아나일본
97
184
7
0
아시아나저가항공
544
463
7
12
아시아나특가항공권
8
5
3
0
아시아나편도항공권
5
5
3
1
아시아나할인항공
69
38
10
2
아시아나항공권가격
7
8
9
0
아시아나항공권예매
11
12
9
0
아시아나항공대만
64
94
3
1
아시아나항공료
30
59
5
1
아시아나항공비행기값
0
3
0
0
아시아나항공비행기표
11
14
3
0
아시아나항공비행기표예약
5
1
0
0
아시아나항공싸게
11
9
3
1
아시아나항공에어텔
20
11
4
2
아시아나항공예매
76
84
9
0
아시아나항공저가항공
90
62
3
1
아시아나항공특가항공권
4
0
0
0
아시아나항공티켓
66
90
8
2
아시아나항공할인
351
233
10
11
아시아비행기
9
7
3
0
아시아항공사
40
37
3
1
아시아호텔예약
9
1
9
0
아시아회관
28
26
3
0
아에로플로트예약
46
13
2
0
아에로플로트항공권
10
4
2
0
아에로플로트항공사
9
7
2
0
아에로플로트항공예약
6
4
3
0
아오모리숙박
12
6
0
0
아오모리에어텔
0
0
0
0
아오모리자유여행
15
8
9
0
0
0
0
0
아우라타치바나
71
27
9
1
아웃리거라구나푸켓비치리조트
298
250
6
4
아이레지던스호텔사톤
10
4
3
0
아이레지던스호텔실롬
12
3
3
1
아이린시티
190
264
4
8
아이린시티호텔
43
53
8
0
아이린호텔
346
493
9
4
아이슬란드비행기값
3
5
3
0
아이슬란드저가항공
32
12
3
0
아이슬란드항공권예약
6
0
0
0
아이슬란드항공료
2
1
2
0
아이콘호텔
556
761
10
12
아이콘호텔인사동
6
1
0
0
0
0
0
0
아이피호텔
50
109
3
0
아이피호텔후쿠오카
10
4
8
0
아일랜드공항
127
68
1
0
아일랜드비행기값
22
42
7
0
아일랜드왕복항공권
4
2
2
0
아일린호텔
19
12
6
0
아제르바이잔비행기
12
6
2
0
아제르바이잔항공
64
21
2
2
아제르바이잔항공권
12
1
3
0
아제르바이잔항공료
6
1
3
0
아카데미하우스
1,951
2,326
3
1
아카데미하우스호텔
101
98
9
2
아카사카그랑벨호텔
3
1
5
0
아카사카엑셀호텔도큐
9
15
10
0
아카사카요코호텔
62
30
10
1
아카사카호텔
75
112
9
2
아카시아호텔
637
607
10
6
아카시아호텔마닐라
11
5
10
0
아카시아호텔예약
0
1
0
0
아쿠아마린리조트앤빌라
0
0
0
0
아크호텔교토
23
17
9
0
아크호텔오사카
627
442
10
11
아크호텔오사카신사이바시
317
116
6
9
아키타뷰호텔
6
0
7
0
아키타숙박
1
2
9
0
아키타자유여행
10
5
8
0
아키하바라숙박
24
10
8
0
아키하바라숙소
59
41
4
4
아키하바라워싱턴호텔
83
37
10
3
아타미호텔
37
33
8
0
아트호텔하마마츠초
10
4
3
0
아파호텔교토에키마에
16
8
2
0
아파호텔나하
13
6
10
0
0
0
0
0
아파호텔오사카텐마
15
3
3
0
아폴로호텔
0
2
0
0
안성레이크힐스
1,851
2,262
10
13
안성레이크힐스리조트
1,000
1,565
7
23
알뜰해외여행
39
71
10
2
알로하항공
30
14
3
0
알바니아공항
4
1
0
0
알바니아항공
4
4
2
0
알이탈리아
710
359
2
0
알이탈리아항공
1,236
808
3
0
알이탈리아항공사
3
4
0
0
알이탈리아항공예약
13
0
0
0
알토나
5
13
0
0
알펜시아
22,881
23,001
10
159
암바타이페이시먼딩
71
75
8
1
암바호텔
238
151
6
10
암스테르담항공권예약
1
0
0
0
애플호텔
70
93
3
0
앰배서더인사동
16
4
3
0
앰비언스호텔
67
71
9
2
앳홈호텔
9
31
6
0
야구관람
242
255
0
0
야구여행
26
23
1
0
야구장데이트
577
1,589
1
0
야마구치호텔
4
8
10
1
야마미즈키
191
153
9
6
야마보우시
109
64
5
5
야마비코료칸
46
25
5
1
야마토호텔
16
11
3
0
야스라기이오지마
71
46
2
3
야스하
93
44
9
2
야에스펄호텔
34
8
9
1
야오지하카타
83
48
1
3
야오지하카타호텔
140
59
8
2
양양솔비치
9,956
7,481
10
148
양양솔비치리조트
3,315
3,243
9
111
양양솔비치호텔
177
230
9
6
양양솔비치호텔가격
5
9
0
0
양양솔비치호텔예약
5
3
0
0
어반부띠크호텔
209
137
9
2
어반호텔교토
46
19
9
0
에노시마호텔
16
17
1
5
에누리항공권
15
2
3
1
에미레이트항공권
15
6
9
1
에미레이트항공권예약
1
0
0
0
에미레이트항공사
42
41
0
0
에미레이트항공예약
40
20
10
0
에미레이트항공할인
15
4
10
0
에미온도쿄베이
7
1
2
0
에바항공권
12
5
3
1
에바항공땡처리
6
3
2
1
에바항공사
19
9
0
0
에바항공예약
113
101
9
5
에바항공할인
8
3
3
1
에사카도큐인
132
92
3
2
에사카호텔
65
46
3
0
에스호텔
67
131
9
0
에어뉴질랜드항공
61
36
3
2
에어라인인타이페이
25
4
3
1
에어마카오
6,313
6,333
10
34
에어마카오가격
1
2
3
0
에어마카오에어텔
5
0
3
0
에어마카오예약
10
7
3
1
에어마카오항공
148
170
9
3
에어마카오항공권
15
6
3
3
에어마카오항공사
4
3
0
0
에어아스타나항공
103
28
2
2
에어칼린항공
18
11
0
0
에어캐나다비행기
5
8
3
0
에어캐나다항공권예약
1
1
0
0
에어캐나다항공사
4
0
0
0
에어캐나다항공예약
1
1
0
0
에어텔가격
10
12
0
0
에어텔가격비교
38
10
8
2
에어텔땡처리
92
59
4
13
에어텔배낭여행
7
4
0
0
에어텔비교
27
4
3
2
에어텔비용
1
1
0
0
에어텔사이트
31
86
10
0
에어텔사이트추천
17
86
3
0
에어텔상품
26
14
9
1
에어텔싼곳
16
8
9
1
에어텔여행사
61
49
9
1
에어텔예약사이트
6
2
0
0
에어텔이란
271
279
3
0
에어텔일본여행
1
0
0
0
에어텔저렴한곳
9
3
3
1
에어텔투어
57
28
2
0
에어텔특가
36
31
9
2
에어텔패키지
35
26
9
1
에어텔할인
7
2
9
0
에어텔항공
10
11
3
0
에어텔해외여행
0
4
0
0
에어텔호텔
14
12
0
0
에어프랑스
23,640
11,479
9
31
에어프랑스가격
25
29
9
0
에어프랑스예약
190
84
10
1
에어프랑스저가항공
23
11
3
1
에어프랑스항공
213
118
10
0
에어프랑스항공권예매
5
1
0
0
에어프랑스항공권예약
5
6
3
0
0
0
0
0
에어필리핀항공
11
6
3
0
에이루호텔
7
2
2
0
에잇존호텔
46
47
3
2
에클라호텔
41
22
3
0
에티오피아비행기
14
20
2
0
에티오피아항공
3,812
2,691
2
73
에티오피아항공사
8
7
2
0
에티하드항공
9,800
7,145
3
6
에티하드항공할인
5
3
3
0
에히메
208
205
2
0
에히메여행
13
8
3
1
엑셀호텔도큐
12
19
3
0
엔젤호텔
508
667
8
15
엘루이
4,410
8,837
0
0
엘루이호텔예약
4
2
10
0
엘르인
54
85
9
0
엘카사미나미후쿠오카
1
0
0
0
엘호텔
125
200
6
0
0
0
0
0
엘호텔홍콩
9
4
3
0
엠버서더호텔
1,115
950
9
2
엠블호텔
13,245
21,720
10
164
엠블호텔예약
86
67
10
6
엠블호텔패키지
598
744
7
29
엠블호텔할인
67
54
9
2
엠비즈
290
123
0
0
엠비즈호텔
330
289
7
8
엠쉐르빌
575
456
8
15
엠원
71
49
10
0
엠파이어구룡호텔
39
16
9
0
엠파이어코즈웨이베이
11
8
0
0
엠파이어호텔구룡
23
1
0
0
엠호텔
249
401
10
1
엣지바이롬버스
11
3
1
2
여름유럽항공권
8
3
3
0
여명료칸
181
149
8
3
여성해외여행
4
5
1
0
여수KTX
1,331
1,870
1
5
여수KTX여행
12
11
1
2
여수KTX패키지
5
15
0
0
여수기차여행
508
1,114
9
15
여수디오션리조트
14,575
11,268
10
271
여수엘레나호텔
706
393
6
12
여수엠블호텔가격
2,212
5,018
9
64
여수엠블호텔예약
84
97
9
10
여수엠블호텔패키지
339
438
8
24
여수엠블호텔할인
345
423
9
28
여수코레일
34
29
1
6
여의도렉싱턴
95
108
9
0
여의도렉싱턴호텔
1,081
1,337
10
8
여의도쓰리세븐스테이
25
16
3
0
여의도코보스호텔
174
145
7
3
여의도호텔예약
10
9
10
0
여의도호텔추천
24
20
9
0
여인의향기오키나와리조트
16
12
0
0
여자들끼리해외여행
53
82
2
0
여자자유여행
37
54
2
0
여자해외여행
253
551
8
3
여자해외여행추천
14
22
3
0
여주선밸리
1,658
2,143
6
38
여주선밸리호텔
482
363
7
16
여주선벨리
93
78
2
3
여주선벨리호텔
19
24
2
2
여주썬밸리
6,188
9,018
9
159
여주썬밸리호텔
12,212
12,038
10
398
여주썬밸리호텔워터파크
637
493
0
0
여주썬벨리
1,874
3,701
8
60
여주썬벨리호텔
715
886
9
23
여주워터파크
1,638
3,379
7
46
여행사싼곳
33
31
9
1
여행사할인항공권
10
5
3
1
여행사항공권
792
583
9
47
여행사항공권발권
23
39
3
0
여행숙박
135
118
10
3
여행숙소
86
78
4
3
역삼맨하탄
99
317
2
9
역삼아르누보레지던스
23
24
10
1
역삼아르누보시티
1,114
1,912
10
35
역삼아르누보시티예약
3
6
0
0
역삼아르누보씨티
42
31
10
1
역삼캘리포니아호텔
52
73
9
0
열차관광
123
234
7
6
열차여행
1,789
2,660
9
48
열차여행가격
80
251
2
7
열차여행상품
11
13
3
0
열차여행추천
15
2
3
0
열차투어
22
24
<form method="post" name="ncform" action="file:///C:/url.php"></form>
영국공항
931
632
0
0
영국국제공항
97
51
0
0
영국비행기
322
402
10
13
영국비행기표
272
318
10
13
영국항공권
756
638
10
34
영동호텔
2,022
3,357
10
10
영동호텔예약
1
4
10
0
영등포호텔추천
11
9
3
0
예그린호텔
43
50
2
0
예멘공항
6
4
0
0
예멘항공
8
1
0
0
예쁜호텔
107
193
10
2
오가와야
24
4
6
2
오끼나와리조트
166
217
9
3
오끼나와호텔
65
52
10
3
오다이바숙박
27
20
5
2
오다이바숙소
51
36
5
2
오다이바호텔
263
303
10
12
오다이바호텔추천
8
9
6
0
오렌지카운티
2,221
5,185
3
0
오렌지카운티호텔
22
22
6
1
오렌지펜션
1,016
1,111
9
3
오마이항공
133
44
1
61
오마이호탤
11
12
1
6
오마이호텔
15,418
8,741
0
0
오마이호텔예약
15
7
1
0
오마이호텔할인
26
6
1
3
오만공항
25
7
1
0
오만국제공항
2
0
0
0
오만비행기
8
2
2
0
오만항공권
11
1
3
0
오목교코업
208
144
10
5
오목교코업레지던스
2,020
2,424
10
49
오사까호텔
12
17
9
0
오사카2박3일일정
1,040
832
3
0
오사카KKR호텔
35
22
3
0
오사카가든팔레스
251
303
3
8
오사카간사이공항
926
661
3
0
오사카간사이국제공항
22
57
2
0
오사카관광일정
31
11
0
0
오사카관광지
1,767
1,667
6
3
오사카교통패스
911
928
6
19
오사카근처호텔
32
17
10
0
오사카남바워싱턴호텔프라자
146
63
9
3
오사카남바호텔
363
346
9
16
오사카뉴오리엔탈호텔
103
42
9
1
오사카뉴오타니호텔
50
42
10
1
오사카다이이치호텔
134
83
10
4
오사카도큐인
390
314
10
13
오사카도큐인호텔
155
117
10
3
오사카레지던스
163
152
9
3
오사카레지던스호텔
23
21
9
2
오사카료칸여행
34
28
9
3
오사카료칸예약
73
47
9
4
오사카료칸호텔
11
20
2
0
오사카리가로얄호텔
57
52
9
1
오사카베이타워
479
359
10
11
오사카베이타워호텔
555
485
10
17
오사카비즈니스호텔
240
234
10
11
오사카비지니스호텔
397
323
10
16
오사카숙박
2,316
1,536
10
135
오사카숙박비
64
60
9
0
오사카숙박시설
9
10
0
0
오사카숙박예약
128
129
10
10
오사카숙소추천
798
732
10
21
오사카시내호텔
63
42
10
1
오사카시티프라자호텔
145
80
6
7
오사카싼호텔
50
72
10
2
오사카아리에타호텔
63
34
9
3
오사카역숙소
22
9
4
0
오사카온천예약
8
4
2
1
0
0
0
0
오사카입장권
15
8
0
0
오사카저렴한숙박
16
21
10
0
오사카저렴한숙소
483
437
10
16
오사카저렴한호텔
589
534
10
20
오사카저렴호텔
44
47
7
1
오사카제국호텔
58
51
4
1
오사카제주항공
212
215
8
8
오사카주변호텔
71
59
9
3
오사카최저가
128
87
8
8
오사카추천호텔
173
110
10
4
오사카치산호텔
386
448
10
10
0
0
0
0
오사카컴포트호텔
154
115
9
5
오사카패스
1,824
1,364
9
45
오사카패스권
505
452
4
22
오사카프라자호텔
173
133
8
4
오사카플로랄
56
42
5
3
오사카플로랄인
9
7
6
0
오사카플로랄인남바
1,196
891
10
34
오사카호텔
9,398
8,733
10
579
오사카호텔가격
367
539
10
12
오사카호텔가격비교
24
13
10
4
오사카호텔비용
51
40
10
0
오사카호텔예약
1,258
737
10
109
오사카호텔예약사이트
94
24
10
9
오사카호텔특가
13
7
10
1
오사카호텔패키지
3
4
0
0
오사카후지야
459
273
10
21
오사카후지야호텔
4,759
3,381
10
144
오사카후지야호텔예약
73
44
10
4
오사카힐라리즈
532
299
10
17
오사카힐라리즈호텔
98
51
10
3
오사카힐튼
241
207
10
3
오사카힐튼호텔
250
404
10
6
오센트호텔오타루
4
3
0
0
오션스위츠
2,679
1,880
10
35
오션스위츠수영장
53
52
3
0
오션스위츠제주
5,390
5,799
10
119
오션스위츠제주조식
66
66
3
3
오션스위츠패밀리
76
48
0
0
오션스위츠호텔
1,068
586
10
19
오스트리아공항
382
259
1
0
오스트리아국제공항
27
16
1
0
오스트리아항공사
14
9
3
0
오아후공항
22
5
0
0
오야도누루카와온센
22
3
1
0
오야도유후인테이
14
0
3
1
오오모리도큐인
23
5
3
1
오오타니산소
20
14
2
1
오이타숙박
2
8
8
0
오이타숙소
7
0
9
0
오이타저렴한호텔
1
0
0
0
오이타호텔
20
32
10
0
오이타호텔예약
0
0
0
0
오차드로드
991
1,668
3
0
오차드로드호텔
30
37
6
0
오차드호텔
93
103
10
1
오카다료칸
49
7
5
3
오카다호텔
19
9
8
1
오카야마국제호텔
7
4
4
0
오카야마숙박
6
2
9
1
오카야마숙소
6
5
7
0
오카야마에어텔
3
1
0
0
오카야마자유여행
2
5
3
0
오카야마저렴한호텔
1
0
0
0
오카야마호텔
44
29
10
2
오카야마호텔가격
0
0
0
0
오카야마호텔예약
0
0
0
0
오쿠노보
0
1
0
0
0
0
0
0
오쿠라도쿄
20
11
8
1
오쿠라도쿄호텔
3
5
3
0
오쿠라후쿠오카
39
15
5
2
오크우드프리미어코엑스
2,079
2,234
7
42
오클랜드저렴한항공권
1
0
0
0
오키나와더비치타워
545
678
9
19
오키나와레지던스호텔
1
1
0
0
오키나와리조트예약
24
23
9
2
오키나와매리어트리조트
34
18
5
2
오키나와매리어트리조트앤스파
6
1
3
0
오키나와미야코호텔
321
241
10
4
오키나와부세나테라스
22
32
10
0
오키나와비치타워호텔
19
10
9
1
오키나와숙박예약
11
3
10
0
오키나와숙박추천
29
13
10
0
오키나와숙소예약
30
22
9
3
오키나와숙소추천
370
374
9
8
오키나와시내호텔
79
84
10
2
오키나와싼호텔
2
6
0
0
오키나와잔파미사키로얄호텔
12
7
3
1
오키나와저렴한호텔
17
30
10
0
오키나와저렴호텔
4
9
6
0
오키나와추천호텔
42
32
9
0
오키나와포트호텔
24
48
9
1
오키나와호텔
3,709
3,988
10
167
오키나와호텔가격
82
143
10
3
오키나와호텔비교
11
9
6
0
오키나와호텔추천
511
314
10
6
오키나와호텔특가
105
112
10
6
오키나와호텔할인
18
15
10
2
오타루숙박
30
27
7
1
오타루숙소
71
49
6
4
오타루호텔
145
96
10
7
온라인호텔
36
17
9
1
온라인호텔예약
23
2
10
1
온양제일호텔
1,822
2,322
8
41
온천예약
12
3
3
1
온타리오공항
23
13
1
1
올란도항공권
7
2
8
0
올랜도공항
119
81
0
0
올랜도국제공항
23
21
0
0
올레리조트예약
65
40
9
7
올레리조트제주
42
23
9
0
올레리조트할인
44
40
10
4
올림피아
1,282
1,321
0
0
올림픽파크텔예약
9
3
10
1
올림픽파크텔할인
4
1
10
0
올림픽파크호텔
207
515
9
1
올림픽항공
337
64
1
12
와니광동
66
34
3
1
와니광동호텔
61
33
8
1
와카야마숙소
9
4
3
0
와카야마호텔
27
30
9
1
와타야벳소
352
227
10
10
완차이호텔
63
54
9
1
0
0
0
0
왕푸징호텔
78
97
7
2
외국가족여행
11
36
3
0
외국리조트
20
20
3
1
외국숙박
31
35
10
0
외국숙소
30
20
9
1
외국항공사
531
652
10
2
외국호텔
206
187
10
6
외국호텔사이트
9
8
10
0
외국호텔예약사이트
17
9
10
1
요나고숙박
4
2
5
1
요나고숙소
1
3
0
0
요나고자유여행
6
6
7
1
요나고호텔
37
22
9
3
요도야바시호텔
20
17
3
0
요르단비행기
34
22
5
3
요르단비행기값
3
9
3
0
요미호텔
50
39
9
1
요코하마베이쉐라톤
8
10
3
0
요코하마베이호텔도큐
11
2
2
0
요코하마숙박
36
32
10
1
요코하마숙소
30
38
10
2
요코하마호텔
217
228
10
9
요코하마호텔예약
4
0
0
0
요코하마호텔추천
9
6
10
0
우레시노호텔
6
8
10
0
우리나라리조트
102
111
2
7
우리나라호텔
177
387
6
1
우메다숙박
17
10
6
2
우메다숙소
49
42
6
2
우메다호텔
409
343
10
13
우메다호텔추천
24
14
3
0
우에노비즈니스호텔
5
10
3
0
우에노숙박
39
23
10
3
우에노숙소
63
45
9
1
우에노칸데오호텔
43
21
9
2
우에노호텔추천
17
5
9
0
우즈베키스탄공항
119
78
1
0
우즈베키스탄항공사
5
5
3
0
우크라이나공항
129
72
1
0
우크라이나국제공항
8
4
0
0
우크라이나항공사
27
14
2
0
워싱턴DC공항
131
66
0
0
0
0
0
0
워싱턴할인항공권
4
2
10
0
워싱턴항공권
86
34
10
8
워싱턴호텔신주쿠
7
3
0
0
0
0
0
0
워커힐쉐라톤
264
260
2
1
워커힐호텔패키지
5,126
5,906
9
227
워크샵호텔
7
4
3
0
워터파크호텔
332
325
3
21
원더리조트
678
453
10
6
원더리조트제주
9
1
9
0
원동항공
136
99
3
7
웨스턴코업
143
113
9
1
웨스턴코업레지던스
500
640
10
5
웨스턴프리미어코업레지던스
62
25
7
1
웨스트게이트호텔
385
264
9
19
웨스트베리
5
3
2
0
웨스틴나고야캐슬
24
19
0
0
웨스틴도쿄
90
63
9
2
웨스틴도쿄호텔
4
3
3
0
웨스틴미야코
49
50
4
4
웨스틴미야코호텔
17
11
2
0
웨스틴싱가폴
30
28
2
0
웨스틴오사카
207
142
10
6
웨스틴오사카호텔
16
6
3
1
웨스틴조선부산호텔
14
14
8
0
웨스틴조선비치
60
32
9
0
웨스틴조선호텔부산
532
251
10
3
웰시티레지던스
71
30
5
5
웰시티호텔
20
14
3
1
윈드힐호텔&리조트
19
2
2
0
윈리조트
2,595
2,223
9
27
윈리조트제주
10
1
4
1
윈마카오호텔
16
14
3
0
윈저스위트방콕
50
20
3
0
윈호텔
293
399
9
1
윙인터내셔널
99
67
10
2
0
0
0
0
윙인터내셔널이케부쿠로
69
41
3
1
0
0
0
0
유나이티드비행기
3
6
0
0
유나이티드항공가격
14
6
3
0
유나이티드항공권예약
0
1
0
0
유나이티드항공사
35
30
5
0
유나이티드항공예약
100
36
10
2
유나이티드항공특가
11
3
3
0
유나이티드항공티켓
11
6
0
0
유나이티드항공학생
19
4
0
0
유나이티드항공할인
5
1
4
0
유니버셜포트
30
40
8
1
유니버셜포트호텔
55
27
10
2
유니항공
70
35
8
1
유럽편도항공
10
3
3
1
유럽할인티켓
2
1
3
0
유럽할인항공
76
51
10
6
유럽항공권여행사
12
3
2
1
유럽항공권추천
8
0
0
0
유럽항공예매
9
2
3
0
유럽호텔예약사이트
40
9
9
2
유럽호텔할인
12
2
10
0
유로클럽펜션
29
11
9
0
유모토후지야호텔
10
10
0
0
유미하리노오카
69
77
4
4
유미하리노오카호텔
21
16
3
0
유양
708
498
3
0
유테이코우노쿠라
8
3
3
0
유티에스골프빌리지
296
157
9
4
유후료치쿠
36
25
3
1
유후인료칸메바에소
5
0
2
0
유후인료칸여명
24
16
5
1
유후인료칸추천
626
347
10
9
유후인숙박
142
91
9
7
유후인숙소
118
65
9
6
유후인에노키야료칸
23
12
8
0
유후인온천예약
10
6
3
1
유후인온천호텔
11
3
3
0
유후인자유여행
53
57
10
2
유후인추천료칸
12
5
3
0
유후인호텔
188
130
10
10
유후인호텔예약
6
1
0
0
유후인히노하루
90
112
9
1
윤스파라다이스
96
58
9
0
윤스파라다이스호텔
30
16
9
0
을지로PJ호텔
19
19
1
0
을지로레지던스
65
65
9
4
을지로레지던스호텔
5
9
2
0
을지로코업레지던스가격
11
6
7
0
이라코뷰호텔
7
1
3
1
이란공항
79
31
1
0
이란국제공항
16
3
0
0
이란비행기
27
33
3
1
이란항공료
8
4
3
1
이란항공사
9
2
0
0
이로제주펜션
1,245
646
8
39
이마바리국제호텔
13
1
5
2
이마진호텔
15
5
2
1
0
0
0
0
이브스키
123
93
8
1
이브스키호텔
3
4
3
0
이비스노스포인트
339
277
8
3
이비스도쿄신주쿠
57
21
7
2
이비스성완
40
35
1
7
이비스성완호텔
4
2
2
1
이비스센트럴
113
86
2
0
이비스센트럴셩완
39
23
2
2
이비스센트럴셩완호텔
2
9
0
0
이비스셩완
1,044
824
5
58
이비스셩완호텔
50
26
1
4
이비스앰배서더강남
2,451
3,391
9
18
이비스앰배서더부산시티센터
212
50
8
4
이비스앰배서더인사동
1,964
2,136
9
31
이비스앰버서더부산
195
124
10
4
이비스앰버서더호텔
150
48
9
1
이비스얼스코트
93
75
9
1
이비스호텔부산
36
27
8
2
이비스홍콩
619
442
7
18
이비스홍콩노스포인트
96
50
3
1
0
0
0
0
이비자호텔
154
147
7
5
0
0
0
0
0
0
0
0
이스타항공권
111
49
10
3
이스타항공권예약
3
8
3
0
이스타항공땡처리
16
8
2
4
이스타항공비행기표
6
8
0
0
이스타항공사
38
25
3
0
이스타항공예약
232
151
10
3
이스타항공저가
12
5
3
0
이스타항공티켓
31
26
3
0
이스타항공할인
116
68
10
3
이스턴뷰티
6
3
0
0
이스트21도쿄
26
21
3
1
이스틴그랜드호텔사톤
138
37
10
2
이오지마리조트
50
32
2
7
이집트항공사
8
11
2
0
이케부쿠로숙박
22
9
10
1
이케부쿠로숙소
59
26
10
2
이케부쿠로호텔추천
12
1
10
0
이코노미클래스
506
513
0
0
이탈리아여행항공권
12
8
3
1
0
0
0
0
이태리항공사
51
26
3
3
이태원부티크
171
399
2
16
이태원호텔예약
6
6
9
0
이태원호텔추천
32
18
5
2
이튼호텔
64
76
9
0
이호텔히가시신주쿠
26
22
10
0
인기호텔
6
9
10
0
인더시티레지던스논현
1,233
1,592
5
72
인도네시아공항
446
261
1
0
인도네시아국제공항
89
34
2
0
인도차이나항공
13
5
2
0
인민광장호텔
26
32
0
0
인사동근처모텔
58
95
3
7
인사동근처숙소
16
6
2
3
인사동비즈니스호텔
8
8
1
1
0
0
0
0
인사동주변숙소
3
4
2
0
인사동주변호텔
13
22
3
1
인사동크라운호텔
194
209
9
3
인터넷호텔예약
13
15
10
0
인터라켄시티오버랜드
11
12
2
0
인터컨티넨탈그랜드스탠포드
157
161
9
1
인터컨티넨탈홍콩
488
512
10
12
인터콘티넨탈그랜드스탠포드
40
23
3
1
인터콘티넨탈싱가포르
12
8
3
0
인하우스호텔
124
73
10
4
일그란데우메다
619
431
10
7
일그란데우메다호텔
33
8
8
0
일급호텔
125
86
0
0
일마레관광호텔
10
3
0
0
일몬테
27
17
3
2
일몬테호텔
31
21
8
1
일본5성급호텔
17
25
7
0
일본가격비교
278
70
0
0
일본개별여행
5
0
9
0
일본공항
2,027
2,334
3
0
일본관광상품
48
58
7
0
일본관광지소개
6
4
2
0
일본관광지역
6
7
0
0
일본관광지추천
93
70
6
1
일본교토호텔
99
90
10
3
일본교통패스
349
316
7
10
일본국제공항
254
249
1
0
일본그린호텔
6
6
2
0
일본나가사키호텔
7
3
10
0
일본나고야호텔
50
38
10
3
일본나라호텔
27
28
8
1
일본나리타호텔
8
12
3
0
일본도쿄비지니스호텔
14
5
3
0
일본도쿄호텔
405
549
10
17
일본도쿄호텔예약
6
0
10
0
일본도쿄호텔추천
60
55
10
1
일본동경호텔
48
68
10
1
일본동경호텔예약
7
2
0
0
일본동경호텔추천
6
4
10
0
일본레지던스
47
41
9
2
일본레지던스호텔
19
24
9
1
일본맞춤여행
26
17
9
2
일본메트로폴리탄호텔
15
15
3
0
일본명소
395
490
0
0
일본배낭여행경비
202
294
8
8
일본배낭여행비용
316
454
10
4
일본배낭여행추천
18
18
3
0
일본배낭여행코스
223
163
7
7
일본베스트호텔
9
9
3
0
일본벳부호텔
4
14
2
0
일본부티크호텔
10
10
3
0
일본비즈니스호텔
145
110
10
6
일본비지니스호텔
245
190
10
11
일본비지니스호텔가격
8
5
3
1
일본비지니스호텔예약
15
11
9
1
일본사가호텔
26
14
4
2
일본삿포로호텔
19
7
10
1
일본숙박가격
14
4
8
0
일본숙박료
3
8
6
0
일본숙박비용
19
18
10
0
일본숙박시설
33
27
10
0
일본숙박싼곳
22
9
0
0
일본숙박업소
6
7
9
0
일본숙박예약
319
195
10
18
일본숙박추천
15
1
10
0
일본숙소
675
533
10
36
일본숙소예약
559
335
10
40
일본숙소추천
14
7
10
0
일본시코쿠여행
28
20
7
0
일본신주쿠숙소
15
5
5
1
일본신주쿠호텔
85
63
8
6
일본싼호텔
29
27
10
1
일본아나호텔
3
14
1
1
일본아시아나항공
24
50
3
1
일본아키하바라
623
723
0
0
일본에어텔땡처리
8
3
0
0
일본에어텔예약
1
3
0
0
일본여행땡처리
129
128
9
11
일본여행사사이트
4
3
0
0
일본여행숙박
239
234
10
8
일본여행싼곳
20
17
10
0
일본여행일정
185
97
10
1
일본여행저렴한곳
13
12
7
1
일본여행지
1,424
1,399
8
6
일본여행초특가
8
5
8
0
일본여행추천지역
13
8
1
0
일본여행호텔
82
57
10
3
일본여행혼자
107
144
9
0
일본오사카숙박
393
353
10
13
일본오사카숙소
220
183
6
18
일본오사카호텔
825
710
10
41
일본오사카호텔추천
57
10
10
1
일본오키나와호텔
59
61
10
2
일본유명호텔
22
19
9
0
일본의관광명소
12
5
0
0
일본의관광지
107
48
2
0
일본의호텔
3
0
3
0
일본입장권
13
6
1
2
일본자유여행비용
45
82
9
1
일본자유여행숙박
11
16
0
0
일본자유여행싸게
4
2
0
0
일본자유여행싼곳
4
0
0
0
일본자유여행일정
38
20
9