= 전세계  40만여개 호텔 실시간 예약=
아고다(agoda)사이트 가기<==클릭
[출처]
헤외호텔===6541111
|
작성자
well4534
[출처]
헤외호텔===6541111
|
작성자
well4534
Compare hotels
<==클릭
Cheap hotels
<===클릭
방글라데시여행
720
0.71
407
방기
320
0.78
365
방비엥
2900
0.97
422
방콕
210
0.8
596
방콕가족여행
210
0.65
195
방콕게스트하우스
1900
0.98
775
방콕골프여행
1600
0.93
248
방콕레지던스
1900
0.98
372
방콕르부아
260
0.94
299
방콕르부아호텔
5400
0.92
343
방콕리조트
720
0.96
612
방콕민박
1300
0.97
482
방콕반얀트리호텔
390
0.57
664
방콕배낭여행
1000
0.89
235
방콕부티크호텔
390
0.98
330
방콕숙박
1900
0.91
307
방콕숙소
140
0.88
514
방콕신혼여행
12100
0.98
673
방콕에어텔
210
0.77
288
방콕여행
590
0.64
258
방콕여행경비
2400
0.94
370
방콕여행기
210
0.9
486
방콕여행숙소
880
0.95
295
방콕여행일정
8100
0.76
122
방콕여행정보
4400
0.95
407
방콕여행준비물
140
0.96
276
방콕여행지
110
0.95
335
방콕여행패키지
70
0.97
516
방콕자유여행
880
0.95
711
방콕차다호텔
880
0.97
439
방콕투어
480
0.94
634
방콕패키지
2900
0.95
201
방콕팰리스호텔
4400
0.56
118
방콕풀빌라
1900
0.98
215
방콕호텔
320
0.79
220
방콕호텔가격
70
0.92
0
방콕호텔예약
1600
0.95
258
방콕호텔추천
720
0.99
666
배드민턴
480
0.96
236
배트남여행
2400
0.74
145
백두산관광여행사
1900
0.95
495
백스터
210
0.97
752
백제관광호텔
1300
0.98
466
밴드
3600
0.9
205
밴스
720
0.96
949
밴쿠버
390
0.97
285
밴쿠버게스트하우스
320
0.29
248
밴쿠버다운타운
320
0.83
221
밴쿠버민박
70
0.87
1327
밴쿠버생활
70
0.97
127
밴쿠버숙박
390
0.87
354
밴쿠버숙소
390
0.95
290
밴쿠버여행
210
0.99
233
밴쿠버유스호스텔
720
0.95
385
밴쿠버이민
260
0.11
999
밴쿠버한인민박
880
0.91
116
밴쿠버한인회
140
0.93
322
밴쿠버현지여행사
3600
0.95
347
밴쿠버호스텔
1000
0.23
62
밴쿠버호텔
590
0.99
444
밴프
880
0.84
271
밴프국립공원
1000
0.97
338
밴프패키지
390
0.91
975
밸리
1600
0.97
668
버나비
1000
0.96
458
버넬
1900
0.96
407
버니
70
0.92
964
버밍엄
590
0.98
349
버스비
1600
0.96
605
버즈알아랍
260
0.87
307
버지니아
1600
0.9
429
버클리
720
0.63
260
버킹엄
110
0.8
670
버투
390
0.86
672
버틀러
1300
0.91
548
버틀러칫솔
4400
0.56
102
버팔로
2900
0.84
207
벅스포츠
70
0.89
43
벌링턴
260
0.8
215
베가
2900
0.96
757
베냉
4400
0.79
207
베네시안
480
0.95
556
베네시안리조트
1600
0.97
321
베네시안마카오
260
0.95
764
베네시안마카오호텔
3600
0.97
382
베네시안블라인드
260
0.93
1207
베네시안호텔
50
0.91
176
베네시안호텔마카오
1900
0.95
388
베네치아숙박
720
0.9
305
베네치아숙소
40
0.99
249
베네치아호텔
70
0.94
336
베네치안
320
0.92
664
베네치안거울
720
0.87
353
베네치안마카오
1000
0.99
334
베네치안호텔
720
0.94
428
베네키아
480
0.92
780
베니스
210
0.8
222
베니스민박
2400
0.98
680
베니스숙박
140
0.75
1056
베니스숙소
480
0.93
747
베니스여행
720
0.65
133
베니스여행정보
70
0.88
609
베니스투어
30
0.96
226
베니스한인민박
210
0.94
571
베니스호텔
1300
0.96
176
베니키아호텔
720
0.43
1184
베라
1000
0.85
131
베로나
880
0.93
220
베르가모
3600
0.54
111
베르겐
2400
0.3
137
베르사유
20
0.89
404
베르제
880
0.83
528
베르제블랑샤르
1300
0.98
556
베르투
70
0.91
213
베른
1300
0.89
569
베를린
30
0.93
271
베를린민박
720
0.52
94
베를린숙박
90
1
878
베를린숙소
720
0.94
380
베를린여행
320
0.57
299
베를린한인민박
110
0.84
210
베를린호텔
70
0.86
172
베스탈
480
0.95
350
베스트모델
590
0.97
554
베스트웨스턴
90
0.95
384
베스트웨스턴구미호텔
1600
0.99
263
베스트웨스턴국도
480
0.39
20
베스트웨스턴국도호텔
880
0.96
351
베스트웨스턴나이아가라
210
0.9
1178
베스트웨스턴나이아가라호텔
590
0.87
285
베스트웨스턴뉴서울호텔
3600
0.86
639
베스트웨스턴레전드호텔
390
0.78
477
베스트웨스턴송도파크호텔
480
0.97
435
베스트웨스턴에어포트호텔
30
0.9
619
베스트웨스턴인천
720
0.96
325
베스트웨스턴프리미어
70
0.99
330
베스트웨스턴프리미어강남
260
0.76
742
베스트웨스턴프리미어국도
170
0.93
899
베스트웨스턴프리미어서울가든호텔
390
0.29
343
베스트웨스턴프리미어송도파크호텔
480
0.98
567
베스트웨스턴프리미어인천에어포트호텔
320
0.96
747
베스트웨스턴프리미어호텔
260
0.86
1040
베스트웨스턴호텔
320
0.46
90
베스트호텔
50
0.92
315
베아트리체
110
0.97
947
베어크리크
140
0.97
329
베이루트
2400
0.69
242
베이비쥐
480
0.88
197
베이사이드
170
0.78
550
베이징
110
0.93
132
베이징게스트하우스
590
0.49
115
베이징공항
140
0.73
421
베이징민박
50
0.89
80
베이징숙박
110
0.97
930
베이징여행
210
0.97
596
베이징자유여행
110
0.88
411
베이징호텔
3600
0.74
99
베이징호텔예약
1600
0.79
120
베이커스필드
390
0.68
515
베일
1600
0.49
147
베일리
320
0.9
243
베일리하우스
30
0.73
112
베자
9900
0.52
506
베젤
1600
0.83
299
베커
3600
0.2
739
베트남
170
0.96
799
베트남골프
40
0.97
469
베트남골프여행
320
0.72
241
베트남관광정보
260
0.54
115
베트남관광지
210
0.92
598
베트남리조트
1600
0.26
15
베트남민박
480
0.77
470
베트남배낭여행
260
0.88
287
베트남신혼여행
590
0.96
1408
베트남아가씨
320
0.97
583
베트남여자
590
0.97
559
베트남여행
590
0.74
287
베트남여행경비
140
0.56
317
베트남여행기
170
0.66
199
베트남여행정보
590
0.96
400
베트남여행지
170
0.92
484
베트남여행패키지
50
0.87
550
베트남자유여행
320
0.93
582
베트남투어
110
0.97
626
베트남하노이
50
0.92
270
베트남하노이호텔
480
0.25
329
베트남할인호텔
720
0.82
326
베트남호텔
590
0.98
598
베트남호텔예약
320
0.53
224
베트남호텔추천
880
0.89
444
베티
260
0.97
993
벡스
170
0.57
326
벡스코센텀호텔
20
0.58
162
벤쿠버게스트하우스
170
0.28
0
벤쿠버도미토리
90
0.88
554
벤쿠버명소
480
0.93
475
벤쿠버민박
260
0.69
126
벤쿠버숙박
140
0.94
559
벤쿠버숙소
480
0.52
40
벤쿠버여행
210
0.9
563
벤쿠버유스호스텔
210
0.78
197
벤쿠버이민
590
0.95
242
벤쿠버한인회
1900
0.98
433
벤쿠버현지여행사
30
0.89
411
벤쿠버호스텔
110
0.98
344
벤쿠버호텔
590
0.95
307
벤틀리
590
0.93
234
벤허
140
0.96
488
벤허호텔
320
0.63
189
벨
320
0.98
397
벨기에
590
0.97
465
벨덴
260
0.92
553
벨라베니스
140
0.5
3
벨라지오
90
0.94
125
벨라지오관광호텔
390
0.99
370
벨라지오호텔
170
0.58
337
벨로루시
320
0.82
207
벨로즈
170
0.25
394
벨루가
720
0.27
52
벨리
70
0.89
0
벨리즈
1600
0.56
178
벨베데레궁전
90
0.97
516
벨톤
1300
0.95
500
보나투어
50
1
0
보노
90
1
156
보니타
1000
0.35
115
보덴
480
0.92
469
보도
390
0.63
271
보드가야
1600
0.62
103
보드룸
140
0.9
1014
보라미
140
0.94
332
보라보라
1000
0.71
102
보라보라리조트
110
0.93
1206
보라보라섬
110
0.77
670
보라보라섬여행
90
0.99
199
보라보라세인트레지스
320
0.97
328
보라보라신혼여행
1000
0.93
250
보라보라여행
390
0.46
451
보라보라포시즌
720
0.95
286
보라보라허니문
480
0.83
237
보라색
590
0.86
253
보라카이
720
0.98
408
보라카이가든
1000
0.66
111
보라카이가족여행
880
0.43
75
보라카이리젠시
20
0.74
385
보라카이리조트
90
0.97
346
보라카이리조트예약
40
0.92
677
보라카이민박
260
0.78
141
보라카이샹그릴라리조트
110
0.95
488
보라카이섬
720
0.25
84
보라카이숙박
170
0.82
413
보라카이숙소
30
0.93
987
보라카이여행
210
0.96
454
보라카이여행경비
170
0.65
931
보라카이여행비용
480
0.94
483
보라카이여행정보
210
0.63
200
보라카이오션클럽리조트
480
0.24
383
보라카이자유여행
50
0.87
441
보라카이특가
110
0.67
834
보라카이파라다이스가든
30
0.74
36
보라카이패키지
140
0.84
1174
보라카이풀빌라
480
0.45
87
보라카이항공
90
0.93
594
보라카이허니문
480
0.99
890
보라카이호텔
480
0.8
296
보라카이호텔예약
260
0.92
164
보라카이호텔추천
140
0.99
710
보령리조트
70
0.92
868
보령숙박
590
0.55
180
보루
320
0.89
314
보르네오
110
0.97
410
보르네오섬
260
0.3
714
보리바지
260
0.71
51
보리바지리조트
40
0.94
660
보모아일랜드
320
0.85
192
보베
170
0.98
324
보브
210
0.76
180
보성민박
480
0.67
788
보성숙소
390
0.96
348
보센풀빌라
50
0.84
147
보스
30
0.9
0
보스코
40
0.98
439
보스턴
30
0.88
654
보스턴게스트하우스
260
0.99
533
보스턴관광
140
0.92
534
보스턴민박
170
0.78
0
보스턴숙박
70
0.96
720
보스턴어학원
480
0.97
314
보스턴여행
20
0.95
197
보스턴컨설팅
110
0.92
322
보스턴코리아
40
0.96
496
보스턴한인민박
70
0.94
511
보스턴호텔
110
0.95
238
보스톤
30
0.96
438
보스톤관광
50
0.86
519
보스톤민박
110
0.97
970
보스톤여행
140
0.61
237
보스톤패키지
210
0.98
354
보스톤호텔
90
0.74
164
보약
110
0.94
338
보약한재
320
0.88
443
보양온천
30
0.93
1111
보우
30
0.89
1123
보이시
320
0.91
519
보츠와나
260
0.92
190
보트라군리조트
720
0.43
134
보훔
320
0.92
109
본
50
0.95
0
본다이
170
0.51
363
본머스
20
0.77
272
볼
90
0.92
443
볼레
320
0.46
433
볼로냐
210
0.62
39
볼차노
210
0.96
269
볼케이노
210
0.57
138
볼티모어
90
0.98
1532
볼펜
210
0.58
710
부다페스트
170
0.79
841
부다페스트민박
50
0.99
534
부다페스트숙소
90
0.93
168
부다페스트여행
20
0.48
0
부다페스트호텔
210
0.7
504
부동산부산
50
0.9
353
부르키나파소
30
0.91
0
부산1박2일여행
210
0.97
586
부산가볼만한곳
260
0.96
131
부산가족여행
320
0.87
80
부산게스트하우스
260
0.91
257
부산공연정보
320
0.97
661
부산관광
50
0.92
80
부산관광가이드
50
0.98
787
부산관광버스
110
0.91
258
부산관광버스대절
90
0.73
409
부산관광코스
210
0.81
260
부산관광호텔
260
0.96
637
부산광안리맛집
50
0.74
136
부산광안리펜션
20
0.56
1553
부산광안리호텔
140
0.96
189
부산국제관광호텔
210
0.46
46
부산그랜드호텔
170
0.82
2034
부산근교전원주택
210
0.84
459
부산근교펜션
110
0.89
282
부산글로리아콘도
50
0.43
1133
부산기차
320
0.49
213
부산기차여행
170
0.63
395
부산노보텔
140
0.91
657
부산노보텔앰배서더
90
0.72
965
부산뉴스
110
0.87
548
부산단독주택
260
0.87
847
부산당구장
50
0.95
418
부산당일여행
110
0.99
271
부산대마도여행
40
0.81
358
부산대연동
30
0.91
133
부산도배장판
110
0.57
698
부산드라이브코스
70
0.52
56
부산롯데호텔
140
0.74
0
부산롯데호텔가격
210
0.64
384
부산롯데호텔뷔페
70
0.87
340
부산리베라호텔
140
0.67
261
부산리조트
70
0.95
643
부산맛집기행
70
0.7
644
부산맛집찾기
170
0
0
부산메리어트호텔
170
0.61
56
부산명소
170
0.98
540
부산모텔
170
0.77
149
부산모텔가이드
170
0.97
340
부산모텔임대
30
0.84
182
부산문화회관
140
0.68
213
부산민박
170
0.92
395
부산반값
140
0.96
1005
부산비치관광호텔
40
0.31
0
부산비치호텔
140
0.87
646
부산비행기
90
0.6
35
부산서면롯데호텔
40
0.96
758
부산서면모텔
170
0.89
464
부산송정
90
0.67
259
부산송정팬션
110
0.91
641
부산송정펜션
320
0.16
207
부산송정해수욕장
90
0.86
284
부산쇼셜커머스
40
0.87
371
부산숙박
140
0.4
867
부산숙박시설
70
0.96
868
부산숙소
170
0.25
541
부산시
110
0.94
509
부산시티투어
140
1
199
부산신혼여행
110
0.43
429
부산싱글
10
0.94
139
부산싱크대가격
90
0.96
711
부산싱크대공장
90
0.95
404
부산씽크대공장
30
0.95
555
부산에서일본
50
0.96
1024
부산에어텔
210
0.97
510
부산에있는여행사
30
0.95
489
부산여관
30
0.95
267
부산여행
70
0.92
242
부산여행사
50
0.97
209
부산여행숙박
140
0.9
316
부산여행숙소
170
0.95
1215
부산여행정보
170
0.38
406
부산여행코스
90
0.81
735
부산여행패키지
110
0.89
152
부산역모텔
140
0.97
505
부산역숙박
210
0.98
346
부산영행
170
0.95
4837
부산예쁜펜션
210
0.85
333
부산온천
70
0.96
734
부산욕실공사
90
0.99
243
부산욕실리모델링
30
0.19
0
부산유스호스텔
110
0.31
10
부산유스호스텔아르피나
30
0.96
763
부산이바지음식
140
0.97
401
부산인근팬션
210
0.16
18
부산인근펜션
90
0.18
0
부산인테리어소품
140
0.87
301
부산일일관광
170
0.92
439
부산자유여행
170
0.7
456
부산전세
110
0.43
742
부산지역콘도
170
0.64
141
부산지역펜션
10
0.93
223
부산지역호텔
260
0.84
390
부산찜질방
70
0.59
491
부산출발세부
90
0.81
1047
부산출발세부여행
50
1
164
부산출발신혼여행
90
0.96
522
부산출발여행
40
0.87
133
부산출발여행사
210
0.9
155
부산출발장가계
110
0.91
359
부산출발제주에어카텔
70
0.52
78
부산출발제주여행
90
0.96
363
부산출발크루즈
110
0.4
485
부산출발태백눈꽃열차
50
0.93
723
부산출발푸켓신혼여행
10
0.97
276
부산출발푸켓허니문
70
0.96
1610
부산출발효도관광
140
0.64
280
부산커플
70
0.95
583
부산코모도
40
0.96
966
부산코모도호텔
20
0.89
197
부산콘도
90
0.98
608
부산콘도예약
70
0.93
979
부산콘서트일정
20
0.93
157
부산크라운호텔
110
0.93
170
부산크루즈관광
140
0.75
282
부산크루즈여행
140
0.75
379
부산타이마사지
110
0.9
340
부산테마여행
90
0.98
1167
부산토요코인호텔
140
0.87
484
부산투룸
50
0.92
389
부산투어
90
0.93
277
부산투어버스
10
0.96
593
부산투어여행사
110
0.83
226
부산특급호텔
70
0.41
152
부산파라다이스호텔
50
0.96
158
부산패션
40
0.98
726
부산패키지
70
0.97
484
부산팬션
110
0.73
44
부산펜션
20
0.91
0
부산폔션
70
0.8
690
부산풍선
30
0.28
299
부산하숙
70
0.81
473
부산한국콘도
50
0.82
152
부산해운대
90
0.96
1162
부산해운대모텔
90
0.57
929
부산해운대민박
140
0.28
0
부산해운대센텀호텔
20
0.42
103
부산해운대숙박
50
0.82
178
부산해운대콘도
90
0.96
2157
부산해운대호텔
90
0.65
195
부산현수막
50
0.9
88
부산호텔
40
0.79
0
부산호텔예약
40
0.71
315
부산호텔추천
50
0.99
444
부산호텔패키지
70
0.92
466
부산호텔프로포즈
110
0.74
664
부산호텔학원
50
0.96
548
부산호텔할인
10
0
248
부산호텔할인예약
20
0.34
0
부산화장실공사
90
0.98
299
부산화장실리모델링
70
0.29
121
부안리조트
70
0.74
693
부안민박
50
0.67
369
부안숙박
40
0.85
374
부안여행
90
0.81
450
부안호텔
10
0.74
0
부에나비스타
90
0.46
400
부에노스아이레스여행
50
0.95
287
부여
10
0.68
0
부여관광
70
0.77
309
부여관광호텔
50
0.71
472
부여숙박
90
0.43
3
부여여행
110
0.2
3
부조
50
0.97
270
부천물박물관
40
0.89
626
부천시원미구
40
0.75
0
부천하숙
30
0.81
243
부천호텔
70
0.3
1226
부탄
70
0.52
17
부탄여행
90
0.73
2410
부티크
70
0.98
905
부티크호텔
50
0.89
1214
부평호텔
110
0.58
261
북경게스트하우스
50
0.87
0
북경민박
90
0.96
127
북경숙박
50
0.75
667
북경숙소
110
0.62
124
북경여행준비물
50
1
423
북경자유여행
70
0.86
1058
북경호텔
40
0.98
145
북경호텔예약
90
0.14
3
북악파크호텔
30
0.78
360
북촌게스트하우스
40
0.64
413
북촌마을게스트하우스
30
0.94
187
북한여행
70
0.74
135
북해도호텔
30
0.83
92
불가리리조트
90
0.98
226
불가리아
10
0
0
불가리아소피아
70
0.98
358
불가리아여행
50
0.58
0
불가리아향수
40
0.96
261
불가리호텔
30
0.97
1179
불고기전문점
40
0.42
0
불국사관광호텔
20
0.69
306
불루마운틴
10
0.88
339
뷔르츠부르크
30
0.94
745
뷰리
50
0.92
503
뷰티인
110
0
0
브라
30
0.91
133
브라스
30
0.87
668
브라운스위트레지던스
50
0.97
966
브라운호텔
70
0.73
148
브라이스캐년
30
0.95
419
브라이트
70
0.95
1276
브라자빌
70
0.88
214
브라질항공
70
0.94
731
브라질호텔
10
0.73
0
브라티슬라바
20
1
1657
브래디
20
0.35
1284
브랜드
10
0.97
0
브랜딩
40
0.85
593
브레스트
90
0.75
665
브렌트
40
0.99
452
브렌트우드
30
0.91
1671
브로
50
0.92
0
브로니
70
0.57
0
브로츠와프
70
0.57
0
브루나이
20
0.65
0
브루나이골프여행
30
0.95
807
브루나이신혼여행
40
0.79
445
브루나이여행
30
0.81
0
브루나이패키지
50
0.95
130
브루나이허니문
30
0.9
274
브루콜리
20
0.98
463
브룩스
30
0.96
747
브룩클린
40
0.9
940
브뤼셀
30
0.46
514
브뤼셀민박
40
0.98
0
브뤼셀숙소
70
0.88
1327
브뤼헤
30
0.95
1304
브르노
40
0.93
258
브리스번
70
0.93
287
브리스베인
50
0.73
566
브리스톨
50
1
309
브리엘
30
0.92
700
브리즈번
10
0.7
0
브리즈번관광
30
0
0
브리즈번숙박
30
0.8
157
브리즈번숙소
20
0.94
391
브리즈번여행
30
1
270
브리즈번호텔
50
0.74
131
브리지번
20
0.96
370
브리타니
30
0.79
1790
브리티시컬럼비아
90
0.29
27
브릭스톤
70
0.45
3
브릿지호텔
40
0.9
673
블라디보스토크
50
0.97
390
블라디보스톡호텔
50
0.97
687
블라이스
10
0.9
0
블랑스
50
0.84
216
블랙번
30
0.88
3234
블랙웰
40
0.97
1922
블랙풀
40
0.95
0
블랙호크
90
0.9
270
블랜더
30
0.93
507
블랜드
10
1
288
블랜딩
40
0.9
0
블루
20
0.8
286
블루다이아몬드
30
0.62
591
블루레이크
40
0.35
0
블루레이크펜션
30
0.94
287
블루마린리조트
50
0.91
443
블루마운틴
50
0.41
3
블루마운틴투어
20
0.9
23
블루마운틴펜션
30
0.34
0
블루머
30
0.98
164
블루밍턴
50
0.95
842
블루밍하우스
10
0.93
1067
블루베리필링
50
0.85
758
블루베이
10
0.9
334
블루베이팬션
50
0.36
0
블루베이펜션
30
0.72
0
블루베이휴양펜션
50
0.52
69
블루비치
30
0.94
816
블루아이
40
0.71
31
블루웨이브인삿포로
30
0.48
766
블루웨이브인요츠바시
20
0.79
28
블루펄
30
0.94
673
블루펄리조트
10
0.73
0
블루펄호텔
20
0.99
1042
블루플라워
30
0.74
10
블루힐
20
0.81
679
블루힐리조트
10
0.71
0
비계임대
10
0.88
0
비고
50
0.68
145
비다
30
0.86
265
비다호텔
40
0.94
813
비버
40
0.55
868
비벌리힐스
40
0.74
286
비비
30
0.87
264
비숍
40
0.91
1581
비스비
20
0.85
434
비스코
30
0.97
895
비스타
10
0.88
759
비시
20
0.95
130
비아리츠
40
0.96
243
비어
50
0.78
441
비엔나
30
0.84
0
비엔나민박
20
0.97
383
비엔나숙박
30
0.84
0
비엔나숙소
10
0.89
832
비엔나여행
30
0.42
152
비엔나여행정보
40
0.81
2091
비엔나투어
10
0.44
337
비엔나한인민박
50
0.85
1206
비엔나호텔
50
0.5
126
비엔티안
30
0.92
812
비엘라
10
0.72
0
비원게스트하우스
20
0.83
376
비원관광호텔
40
0.89
250
비원호텔
20
0.76
339
비전호텔
20
0.97
709
비제바노
30
0.79
8
비젼호텔
20
0.8
781
비즈니스모텔
20
0.89
0
비즈니스호텔
10
0.97
0
비지트홍콩
20
0.86
0
비체
20
0.88
1380
비치호텔
20
0.82
0
비코
20
0.75
0
비티
20
0.91
222
빅
30
0.74
514
빅베어
30
0.85
0
빅토리아모텔
20
0.41
0
빅토리아민박
30
0.96
833
빅토리아여행
10
0.17
0
빅토리아호텔
20
0.89
0
빈센트
20
0.85
0
빈치
40
0.97
435
빈탄
10
0.81
483
빈탄라군
10
0.88
226
빈탄라군리조트
30
0.6
367
빈탄반얀트리
10
0.86
223
빈탄섬
40
0.89
429
빈탄숙박
30
0.85
444
빈탄앙사나
20
0.9
479
빈탄앙사나리조트
20
0.43
420
빈탄여행
20
0.72
0
빈탄호텔
30
0.88
640
빈트후크
20
0.98
378
빌뉴스
10
0.32
0
빌라
10
0.84
271
빌라노바
20
0.97
420
빌레펠트
30
0.82
2051
빌링스
20
0.84
983
빌바오
20
0.89
277
뻥튀기과자
40
0.78
896
뽀또
30
0.83
139
쁘티프랑스
30
0.87
565
사가
20
0.94
1124
사누르
20
0.87
574
사누르비치
20
0.92
199
사당동렌트카
20
0.73
1033
사라고사
30
0.86
190
사라예보
20
0.77
3
사라토가
20
0.4
1149
사란
20
0.79
0
사리나
20
0.96
642
사마야
20
0.77
0
사마야풀빌라
20
0.8
757
사모아
20
0.83
260
사바
10
0.96
235
사보나
10
0.71
982
사보이
20
0.97
277
사보이호텔
20
0.32
1496
사브레
30
0.95
863
사사리
10
0.99
1666
사세보호텔
20
0.74
0
사우디아라비아
20
0.75
221
사우디아라비아여행
20
0.91
800
사우샘프턴
50
0.96
292
사우스다코타
20
0.97
636
사이공호텔
10
0.93
1097
사이렌
20
0.72
577
사이타마
10
0.99
179
사이판
20
0.89
244
사이판가족여행
10
0.78
0
사이판골프여행
20
0.95
354
사이판골프투어
10
0.87
138
사이판관광
10
0.83
0
사이판그랜드호텔
10
0.71
0
사이판니꼬호텔
10
0.13
0
사이판리베라호텔
10
0.59
191
사이판리조트
10
0.97
84
사이판몰
10
0.84
868
사이판쇼핑
20
0.4
0
사이판숙박
10
0.98
582
사이판신혼여행
20
0.78
0
사이판여행
10
0.21
31
사이판여행경비
20
0.85
594
사이판여행기
20
0.85
0
사이판여행정보
10
0.77
221
사이판월드
20
0.93
318
사이판월드리조트
20
0.68
216
사이판위치
20
0.9
113
사이판자유여행
20
0.87
232
사이판정보
20
0.85
326
사이판콘도
10
0.85
151
사이판투어
20
0.94
0
사이판패키지
20
0.87
78
사이판풀빌라
20
0.48
154
사이판피에스타
20
0.63
0
사이판하얏트호텔
10
0.8
0
사이판호텔
20
0.87
380
사이판호텔예약
10
0.93
962
사이판pic호텔
10
0.45
0
사이프러스
40
0.88
698
사이프러스골프장
10
0.86
0
사이프러스CC
10
0.93
290
사쿠라
20
0.94
502
사쿠라호텔
10
0.96
247
사틴
10
0.98
0
사파
10
0.79
0
사파미디어
20
0.76
0
사파이어
10
0
0
사파이어호텔
10
0.81
0
삭스
10
0.34
0
산마리노
10
0.96
1100
산미구엘
10
0.63
389
산살바도르
10
0.11
0
산소흡수제
20
0.96
168
산안드레스
10
0.61
349
산야
10
0.65
41
산조
10
0.72
96
산차
10
0.21
251
산타나
10
0.88
71
산타로사
10
0.76
139
산타모니카
10
0.9
416
산타클로스
10
0.88
0
산타페
10
0.93
190
산토도밍고
10
0.83
0
산토리니숙소
10
0.52
0
산토리니호텔
10
0.66
0
산토리니호텔예약
20
0.95
757
산토스
20
0.91
126
산티아고
20
0.72
0
산티아고데콤포스텔라
10
0.89
192
살
10
0.92
756
살바도르
10
0.86
665
삼성거제호텔
10
0.74
0
삼성동호텔
10
0
0
삼성콘도
10
0.87
0
삼성호텔
10
0.85
0
삼정호텔
10
0.88
0
삼정호텔웨딩홀
10
0.93
1205
삼척민박
10
0.53
0
삼척숙박
10
0.95
0
삼척시숙박
10
0.17
372
삼척여행
10
0.89
306
삼척팰리스호텔
10
0.86
121
삼척호텔
10
0.85
554
삿보로
10
0.67
71
삿뽀로눈축제
10
0.75
198
삿포로
10
0.65
646
삿포로숙박
10
0.18
0
삿포로숙소
10
0.58
0
삿포로여행
10
0.77
1081
삿포로자유여행
10
0.96
1956
삿포로프린스호텔
6600
0.69
692
삿포로호텔
590
0.98
2268
삿포로호텔추천
590
0.99
1027
삿포르
5400
0.6
211
상남국제회관
140
0.99
1876
상상속의집
3600
0.98
3165
상투메프린시페
2900
0.82
600
상트페테르부르크
260
0.95
1044
상트페테르부르크민박
880
0.98
1919
상트페테르부르크여행
2900
0.69
1202
상하이
320
0.96
697
상하이게스트하우스
880
0.96
657
상하이민박
170
0.98
1160
상하이숙박
1600
0.78
440
상하이여행
2900
0.67
616
상하이자유여행
110
0.97
1476
상하이패키지
1000
0.97
827
상하이한인연합교회
1600
0.84
1045
상하이항공권
480
0.9
788
상하이호텔
590
0.96
767
상하이호텔예약
1600
0.55
536
상해
170
0.94
2336
상해게스트하우스
140
0.97
634
상해민박
590
0.98
1131
상해비행기표
590
0.95
1542
상해숙박
880
0.77
1384
상해숙소
210
0.98
1321
상해에어텔
480
0.98
982
상해여행
480
0.98
883
상해여행정보
110
0.96
1849
상해자유여행
720
0.72
1026
상해항공권
1600
0.67
251
상해호텔
720
0.9
1156
상해호텔예약
170
1
1920
새크라멘토
390
0.93
683
새턴
480
0.72
761
샌드스톤
50
0.97
1946
샌드위치
50
0.91
2844
샌디
590
0.69
531
샌디에고호텔
140
0.98
2939
샌디에이고
320
0.92
1340
샌안토니오
1600
0.42
856
샌즈호텔
1300
0.46
739
샌프란시스코
170
0.97
1186
샌프란시스코관광
170
0.97
3793
샌프란시스코국제공항
480
0.65
1692
샌프란시스코기후
390
0.64
521
샌프란시스코렌터카
210
0.95
1725
샌프란시스코렌트카
320
0.78
862
샌프란시스코맛집
880
0.97
631
샌프란시스코모자
140
1
2349
샌프란시스코민박
20
0.83
1853
샌프란시스코버스
110
0.98
3625
샌프란시스코비행시간
30
0.97
2080
샌프란시스코생활
320
0.97
908
샌프란시스코숙박
210
0.71
127
샌프란시스코숙소
590
0.73
1480
샌프란시스코어학원
210
0.98
1100
샌프란시스코여행
260
0.73
1065
샌프란시스코여행기
140
0.97
1925
샌프란시스코여행지
320
0.89
1483
샌프란시스코유스호스텔
210
0.95
445
샌프란시스코자유여행
170
0.94
1905
샌프란시스코자이언츠
590
0.92
889
샌프란시스코자이언트
140
0.9
1365
샌프란시스코클린업ㅈ
140
0.95
1860
샌프란시스코투어
320
0.97
764
샌프란시스코팝송
30
0.96
1877
샌프란시스코한인
720
0.56
561
샌프란시스코한인민박
3600
0.74
783
샌프란시스코한인회
50
0.93
4534
샌프란시스코할인항공권
1600
0.97
1088
샌프란시스코현지여행사
70
1
3710
샌프란시스코호스텔
260
0.94
434
샌프란시스코호텔
20
0.89
947
샌프란시스코호텔예약
20
0.92
2495
샐리나
110
0.95
2965
생각속의집펜션
260
0.76
413
생루이
210
0.94
946
생말로
170
0.97
490
샤나
1300
0.67
695
샤넬비아리츠
170
0.83
335
샤니
110
0.98
2345
샤또호텔
170
0.93
1200
샤론
210
0.95
510
샤먼
110
0.97
739
샤먼여행
480
0.6
636
샤모니
320
0.76
712
샤베르
70
0.72
471
샤빌
110
0.98
1256
샤인빌
210
0.94
543
샤인빌골프장
1300
0.7
863
샤인빌럭셔리리조트
140
0.89
1076
샤인빌리조트
880
0.96
421
샤토
210
0.81
502
샤프하우젠
590
0.93
497
샬럿타운
70
0.97
2018
샬롯
140
0.96
513
샵
90
0.98
4439
샹그리아비치호텔
590
0.81
1505
샹그릴라
70
0.95
2198
샹그릴라라사리아리조트
170
0.82
745
샹그릴라라사센토사
390
0.93
441
샹그릴라리조트
70
0.94
593
샹그릴라막탄리조트
260
0.85
717
샹그릴라여행후기
140
1
3617
샹그릴라호텔
110
0.97
2586
샹하이
170
0.91
570
서교호텔
210
0.79
926
서교호텔뷔페
210
0.96
890
서귀포
110
0.77
2835
서귀포게스트하우스
390
0.94
626
서귀포리조트
1600
0.77
421
서귀포모텔
590
0.83
304
서귀포민박
170
0.97
857
서귀포숙박
110
1
1213
서귀포숙소
210
0.78
272
서귀포시게스트하우스
170
0.9
1516
서귀포시민박
30
0.92
3472
서귀포시펜션
170
0.97
967
서귀포여행
110
0.82
784
서귀포자연휴양림
140
0.73
1593
서귀포칼호텔
1000
0.75
358
서귀포통나무집
260
0.45
513
서귀포팬션
480
0.69
1747
서귀포펜션
390
0.92
883
서귀포푸른바다
140
0.96
1108
서귀포호텔
260
0.54
1939
서귀포kal호텔
40
0.91
1449
서니사이드
90
0.71
319
서머셋팰리스
170
0.84
881
서머셋팰리스서울
260
0.77
808
서머셋팰리스호텔
390
0.81
349
서머셋호텔
40
0.94
2280
서면롯데호텔
110
0.87
827
서면모텔
170
0.97
1689
서미트
260
0.98
3193
서비스레지던스
70
0.97
2099
서울가볼만한곳
70
0.97
2897
서울게스트하우스
390
0.86
1433
서울교육문화회관호텔
90
0.88
1362
서울레지던스
50
0.93
5018
서울렉스호텔
210
0.89
652
서울로얄호텔
18100
0.21
675
서울롯데호텔
260
0.92
1277
서울리조트
590
0.71
1634
서울명소
320
0.78
956
서울모텔
210
0.92
815
서울민박
50
0.99
1666
서울세종호텔
590
0.92
1242
서울숙박
170
0.99
647
서울숙소
90
0.94
2221
서울시티투어
140
0.84
1031
서울신라호텔
170
0.99
2957
서울싼호텔
140
0.94
2096
서울여관
40
0.91
5055
서울여행
40
0.94
2946
서울여행코스
140
0.76
874
서울올림픽파크텔
30
0.97
1361
서울코리아나
320
0.74
1492
서울코리아나호텔
140
0.74
903
서울투어
720
0.95
788
서울팔래스호텔
110
0.9
845
서울팰리스호텔
720
0.78
441
서울프라자호텔
90
0.92
433
서울프라자호텔예약
260
0.97
427
서울프레지던트호텔
50
0.94
1571
서울프린스호텔
210
0.85
1063
서울플라자호텔
40
0.97
2494
서울하숙
90
0.96
737
서울호스텔
50
0.97
3076
서울호텔
260
0.57
573
서울호텔가격
170
0.97
719
서울호텔예약
140
0.83
605
서울호텔추천
70
0.9
679
서울호텔패키지
30
0.94
1671
서울호텔할인
590
0.85
560
서유럽여행
170
0.94
831
서초구호텔
390
0.98
1320
서초로얄프라자
90
0.98
1041
서초로열프라자
110
0.85
864
서초코업레지던스
50
0.98
2387
서퍼스파라다이스
3600
0.6
152
서포리해수욕장
210
0.93
806
서프라이즈
90
0.75
820
서해호텔
260
0.93
817
석모도단체펜션
10
0.84
0
선댄스영화제
40
0.94
1332
선라이즈
70
0.96
5283
선라이즈리조트
880
0.8
1942
선밸리
5400
0.26
279
선샤인
90
0.83
908
선샤인게스트하우스
320
0.72
392
선샤인코스트
70
1
2490
선샤인호텔
30
0.99
884
선셋비즈니스
70
0.93
999
선셋비지니스
170
0.99
1070
선셋비지니스호텔
110
0.94
423
선셋호텔
110
0.9
3631
선시티
1600
0.27
829
선유도공원
50
0.93
2259
선전
40
0.92
1301
설악산관광
90
0.94
557
설악산관광호텔
390
0.8
517
설악산인근펜션
590
0.5
379
설악켄싱턴스타호텔
720
0.66
306
설악켄싱턴호텔
110
0.75
543
설악콘도
70
0.96
3441
설악파인리조트
390
0.97
397
설악파크
210
0.92
633
설악파크호텔
50
0.97
786
설악현대콘도
260
0.51
255
성남모텔
320
0.96
315
성남호텔
50
0.98
3058
성산게스트하우스
50
0.96
1200
성산일출봉게스트하우스
50
0.94
2591
세고비아
390
0.94
1200
세나
320
0.97
468
세네갈
70
0.91
1400
세네갈여행
480
0.95
664
세네카
320
0.75
669
세단
70
0.79
1044
세도나
210
0.91
496
세레스
390
0.96
5090
세르비아
110
0.72
749
세르비아여행
590
0.85
1020
세바
20
0.97
1708
세방
30
0.9
2583
세부
30
0.95
4078
세부가족여행
50
0.8
548
세부게스트하우스
320
0.95
572
세부골프여행
110
0.71
1244
세부골프장
170
0.86
689
세부골프투어
880
0.76
136
세부관광
170
0.91
547
세부러브
110
0.93
353
세부리조트
210
0.68
1207
세부리조트가격
260
0.89
1673
세부리조트순위
1000
0.68
613
세부리조트여행
480
0.27
706
세부리조트예약
1600
0.89
1221
세부마리바고리조트
20
0.97
3191
세부마리바고블루워터
50
0.98
3716
세부마리바고블루워터리조트
30
0.81
365
세부막탄
590
0.6
1030
세부민박
50
0.83
701
세부배낭여행
50
0.94
390
세부비치리조트
210
0.96
3686
세부비치클럽
1000
0.65
435
세부사랑
210
0.95
1725
세부상그릴라
1000
0.76
1317
세부샹그릴라
90
0.92
702
세부샹그릴라리조트
170
0.96
527
세부샹그릴라호텔
210
0.21
55
세부숙박
90
0.93
907
세부숙소
260
0.84
677
세부스터디
40
0.98
1314
세부신혼여행
50
0.95
1404
세부알레그레
110
0.94
378
세부알호텔
140
0.83
1472
세부어학원
170
0.85
2089
세부에어텔
170
0.82
1988
세부여행
70
0.97
618
세부여행경비
50
0.69
1286
세부여행기
480
0.96
1772
세부여행사
170
0.97
3494
세부여행정보
480
0.23
746
세부여행준비물
140
0.92
422
세부여행지
320
0.55
598
세부여행패키지
70
0.92
596
세부여행후기
90
0.62
1125
세부이슬라
590
0.99
509
세부이슬라리조트
70
0.87
975
세부임패리얼팰리스
260
0.91
663
세부임페리얼
30
0.96
4974
세부임페리얼팰리스
30
1
1925
세부임페리얼팰리스호텔
30
0.89
2540
세부임페리얼호텔
50
0.83
972
세부자유여행
30
0.94
1977
세부저렴한호텔
50
0.91
468
세부전문여행사
10
0.95
1905
세부코스타벨라
390
0.75
403
세부크림슨리조트
390
0.83
1973
세부투어
390
0.57
608
세부패키지
20
0.9
5595
세부패키지여행
70
0.76
614
세부퍼시픽리조트
70
0.8
546
세부퍼시픽항공예약
210
0.93
652
세부풀빌라
70
0.86
883
세부플랜테이션
170
0.88
254
세부플랜테이션베이
70
0.93
1616
세부플렌테이션베이
260
0.91
339
세부하숙
90
0.65
452
세부허니문
40
0.91
3140
세부현지여행사
110
0.61
379
세부호텔
70
0.95
524
세부호텔예약
170
0.97
323
세부호텔추천
50
0.99
1186
세부호텔프로모션
40
0.87
927
세부호핑투어
70
0.97
1645
세부R호텔
110
0.9
734
세브르
30
0.94
1770
세브링
260
0.92
440
세브퍼시픽항공
210
0.76
167
세비야
110
0.84
510
세비야관광호텔
140
0.94
316
세비야민박
50
0.91
762
세비야여행
140
0.99
523
세비야호텔
320
0.68
1234
세사
140
0.79
517
세울스타즈호텔
260
0.9
564
세이셀여행
590
0.77
799
세이셸
140
0.84
1176
세이셸신혼여행
170
0.75
3224
세인트루이스
30
0.94
3006
세인트마틴
110
0.8
760
세인트버나드
140
0.77
1524
세인트빈센트
30
0.76
421
세인트아이브스
30
0.99
3407
세인트앤드류
50
0.95
1388
세인트웨스턴
210
0.95
3059
세인트웨스턴호텔
70
0.76
1435
세인트웨스트
110
0.92
472
세인트웨스트호텔
30
0.93
5217
세인트웨스튼
170
0.97
3426
세인트웨스튼호텔
70
0.69
278
세인트존
320
0.98
1399
세인트존스
320
0.95
532
세인트폴
260
0.9
1162
세인트하이얀
50
0.65
814
세인트하이얀호텔
210
0.91
1116
세인트호텔
40
1
1003
세일
50
0.93
2085
세종호텔
50
0.96
2170
세종호텔춘천
390
0.11
539
센다이
70
0.89
1320
센다이여행
20
0.97
478
센다이호텔
30
0.92
2260
센츄리호텔
210
0.94
492
센터
260
0.84
1231
센텀호텔
30
0.96
4915
센텀호텔뷔페
50
0.62
429
센테니얼
110
0.49
134
센토사
50
0.88
3676
센토사리조트
320
0.45
462
센토사리조트앤스파
210
0.97
805
센토사샹그릴라
70
0.96
328
센토사섬
210
0.89
1240
센토사섬리조트
90
0.92
1982
센토사섬호텔
20
0.57
2381
센토사풀빌라
140
0.42
282
센트럴
170
0.79
513
센트럴관광호텔
70
0.93
1360
센트럴시티
20
0.92
5440
센트럴시티호텔
260
0.95
608
센트럴호텔
140
0.84
1108
센트레빌
170
0.61
966
센트로호텔
70
0.94
1072
센프란시스코
210
0.96
584
센프란시스코호텔
260
0.79
621
셀라
40
0.99
1761
셀라나노비누
70
0.83
297
셀라리조트
70
0.96
264
셀라반주기
40
0.96
0
셀라화장품
20
0.87
4582
셀마
140
0.96
2639
셀머
70
0.83
595
셀비
320
0.71
2399
셔우드
10
0.98
1571
셔츠
260
0.9
577
션사인호텔
140
0.7
756
션샤인호텔
210
0.56
1191
셜리
20
0.95
3941
셰익스피어
50
0.71
2081
셰필드
50
0.96
579
소공동롯데
20
0.94
4215
소공동롯데호텔
170
0.84
657
소네바길리
140
0.72
656
소노마
320
0.77
673
소라
110
0.8
274
소라리조트
320
0.09
0
소렌토
70
0.98
469
소르바스
70
0.9
1380
소살리토
70
0.81
78
소웨토
260
0.89
366
소장부본
140
0.93
332
소카
70
0.99
721
소프
70
0.95
246
소피아
50
0.93
1001
소피아앙티폴리스
320
0.37
313
소피아호텔
50
0.94
1137
소호
90
0.9
2093
소호레지던스
170
0.93
794
소호리빙텔노량진
110
0.98
2127
소호텔
20
0.97
7971
속리산국립공원
110
0.81
1140
속리산문장대
50
0.92
503
속초가볼만한곳
50
0.88
1626
속초게스트하우스
10
0.95
3381
속초관광호텔
70
0.8
758
속초리조트
140
0.77
506
속초마레몬스호텔
140
0.93
1011
속초막국수
90
0.67
597
속초모텔
140
0.95
4509
속초민박
50
0.93
1188
속초설악펜션
90
0.94
497
속초숙박
90
0.95
254
속초숙소
170
0.41
647
속초시
70
0.94
688
속초시내모텔
30
0.87
2654
속초시모텔
260
0.88
392
속초시숙박
70
0.86
1511
속초시펜션
50
0.85
791
속초여관
20
0.92
1077
속초여행
70
0.85
1074
속초여행지
170
0.73
707
속초여행코스
170
0.81
1098
속초찜질방
210
0.85
1343
속초켄싱턴리조트
260
0.95
730
속초해수욕장
110
0.92
571
속초해수욕장민박
70
0.41
651
속초해수욕장숙박
50
0.62
252
속초호텔
50
0.91
771
손
110
0.74
244
솔로몬제도
140
0.88
669
솔론
260
0.94
3725
솔리튜드
40
0.99
536
솔뱅
70
0.97
910
솔즈베리
10
0.92
5330
솔즈베리YMCA
70
0.95
602
솔트레이크시티
40
0.89
1175
송도라마다
70
0.86
311
송도라마다호텔
110
0.93
1550
송도메트로호텔
140
0.91
427
송도비치호텔
170
0.7
566
송도호텔
50
0.78
2095
송정관광호텔
20
0.95
2361
송정민박
170
0.13
0
송정펜션
90
0.51
506
송정호텔
70
0.95
604
송탄호텔
170
0.88
352
송파구호텔
20
0.92
447
송파호텔
110
0.78
1031
쇼핑아시아
210
0.92
413
수단
140
0.78
1250
수도상사
70
0.8
955
수라바야
70
0.24
111
수리남
320
0.91
1349
수린비치리조트
140
0.86
470
수바
90
0.55
476
수안보파크호텔
50
0.83
412
수영장리조트
10
0.96
3506
수원
70
0.94
505
수원가볼만한곳
20
0.92
233
수원게스트하우스
110
0.95
317
수원명소
40
0.97
2071
수원모텔
90
0.98
656
수원숙박
170
0.84
409
수원시
50
0.95
2060
수원택배
50
0.94
465
수원하숙
70
0.95
445
수원호텔
90
0.9
1352
수원호텔예약
110
0.51
391
수원호텔추천
260
0.76
1315
수코타이
40
0.94
400
수코타이호텔
40
0.96
1302
수크
110
0.81
260
수크레
40
0.65
856
수학여행
40
0.89
872
숙박
20
0.78
412
숙박시설예약
90
0.87
828
숙박예약
50
0.86
660
숙소
90
0.93
496
순천로얄관광호텔
30
1
4908
순천로얄호텔
40
0.88
1827
순천모텔
170
0.84
487
순천숙박
40
0.92
725
순천여행
110
0.91
144
숲속의요정
210
0.65
2260
숲속팬션
20
0.99
3100
숲속펜션
90
0.86
480
쉐라톤그랜드워커힐
50
0.83
622
쉐라톤와이키키
40
0.91
494
쉐라톤인천호텔
70
0.78
1076
쉐라톤파타야리조트
140
0.82
306
쉐라톤호텔
10
0.79
5023
쉐르빌호텔
50
0.91
362
슈타이어
30
0.96
2066
슈투트가르트
70
0.7
805
슈트라하버리조트
210
0.56
1009
슈팅
20
0.96
1845
슈피겔라우
10
0.72
321
스노우멜팅시스템
50
0.4
0
스님
40
0.95
1914
스리랑카
20
0.93
1787
스리랑카대사관
210
0.73
860
스리랑카여행
210
0.83
661
스마일호텔아사쿠사
10
0.91
3182
스미냑
210
0.79
913
스미냑풀빌라
20
0.99
936
스미스필드
40
0.83
371
스와질란드
20
0.75
3957
스와질랜드
40
0.88
409
스웨덴
20
0
0
스웨덴민박
90
0.95
566
스웨덴여행
30
0.94
1840
스웨이
10
0.39
0
스위소텔
170
0.79
727
스위스
10
0.97
4817
스위스가볼만한곳
70
0.93
1023
스위스그랜드
110
0.89
455
스위스그랜드호텔
170
0.95
3027
스위스그랜드호텔푸드
170
0.96
799
스위스민박
20
0.94
7356
스위스배낭여행
40
0.92
845
스위스숙박
70
0.65
0
스위스숙소
40
0.93
979
스위스신혼여행
50
0.53
1120
스위스알프스
40
0.85
973
스위스여행
70
0.92
2361
스위스여행경비
210
0.47
2066
스위스여행기
10
0.95
2463
스위스여행정보
110
0.71
484
스위스여행지
90
0.56
792
스위스여행코스
110
0.96
683
스위스인터라켄
70
0.83
685
스위스자유여행
70
0.64
575
스위스패키지
140
0.97
828
스위스팬션
110
0.94
1082
스위스허니문
30
0.93
1247
스위스호텔
40
1
1615
스위스호텔예약
40
0.94
2183
스위스호텔푸드
50
0.86
931
스위트호텔
30
0.88
1203
스위트호텔경주
30
0.87
720
스위트호텔제주
110
0.79
546
스위트홈
50
0.71
1695
스위트홈뉴욕
90
0.99
2016
스카겐
140
0.68
349
스카이파크
70
0.56
453
스카이호텔
140
0.76
162
스칼라
90
0.94
954
스코틀랜드
90
0.93
1101
스코틀랜드민박
170
0.92
2341
스코틀랜드여행
90
0.95
2885
스코페
20
0.95
5665
스콧
40
0.94
1837
스크린
50
0.56
456
스키리조트
140
0.92
773
스키복수선
20
0.92
518
스키여행
40
0.84
622
스키여행패키지
10
0.97
2143
스키장가까운펜션
50
0.81
989
스키장숙박
30
0.77
977
스키장콘도
90
0.93
645
스키장팬션
30
1
1474
스키장펜션
90
0.91
588
스키투어
30
0.95
1954
스키패션
70
0.98
1564
스키패키지
40
0.93
1161
스키펜션
50
0.42
476
스타라이트
140
0.94
1370
스타빌
70
0.71
2054
스타시티
40
0.72
168
스타크
70
0.88
258
스타킹패션
50
0.88
645
스타호텔
140
0.89
332
스타힐
20
0.82
1855
스탠포드호텔서울
90
0.98
572
스탠포드힐뷰호텔
40
0.99
2730
스털링
90
0.63
600
스테이
90
0.82
1514
스테이7
20
0.81
825
스테이코리아
90
0.91
785
스텔라호텔
50
0.79
589
스톡
20
0.93
2141
스톡홀름
50
0.93
232
스톤
20
0.89
1870
스투스
70
0.93
1026
스트레사
40
0.92
1808
스트리터
90
0.94
940
스트리트
40
0.83
149
스틸하우스평당가격
30
0.87
1034
스파
30
0.7
223
스파리조트
40
0.97
938
스파비스숙소
50
0.96
516
스파여행
70
0.98
1452
스파피아
20
1
1879
스파피아호텔
70
0.8
929
스파호텔
110
0.67
501
스페셜리스트
90
0.94
1203
스페인
20
1
504
스페인관광
90
0.9
507
스페인마드리드
30
0.97
1518
스페인문화원
50
0.98
2187
스페인민박
140
0.98
555
스페인바르셀로나
30
0.97
2454
스페인배낭여행
40
0.7
0
스페인숙박
50
0.85
1113
스페인여행
70
0.74
380
스페인여행경비
40
0.99
516
스페인여행기
50
0.7
2074
스페인여행사
20
0.97
2050
스페인여행일정
20
0.93
1063
스페인여행정보
40
0.87
992
스페인여행지
20
0.89
2453
스페인자유여행
50
0.9
577
스페인투어
10
0.99
1169
스페인패키지
20
0.91
4330
스페인포르투갈
70
0.86
1087
스페인한인민박
30
0.9
1631
스페인호텔
40
0.69
1159
스페인호텔예약
110
0.91
564
스펜서
70
0.58
155
스폐인여행
10
0.91
2339
스프링
20
0.87
222
스프링리조트
10
0.97
2848
스프링필드
20
0.98
4245
스프링힐
30
0.89
1290
스프링힐리조트
50
0.98
2377
스프링힐펜션
70
0.97
399
스플리트
10
1
2354
스피드웨이
140
0.58
911
슬로바키아
90
0.2
0
슬로바키아여행
40
0.92
2754
슬로베니아
50
0.99
2385
슬로베니아여행
50
0.89
574
승봉도민박
30
0.56
0
시골민박
40
0.84
251
시골펜션
70
0.9
1010
시나가와프린스
50
0.48
302
시나가와프린스호텔
70
0.88
590
시드니
70
0.95
716
시드니게스트하우스
50
0.84
1423
시드니관광
20
0.96
0
시드니리조트
110
0.96
864
시드니모텔
50
0.74
763
시드니민박
30
0.85
1139
시드니민박집
20
0.93
1859
시드니배낭여행
30
0.99
1521
시드니샹그릴라호텔
30
0.73
0
시드니숙박
20
0.99
3577
시드니숙소
90
0.81
495
시드니시티투어
20
0.78
1213
시드니신혼여행
40
0.93
321
시드니여행
70
0.96
488
시드니여행경비
30
0.9
572
시드니여행사
50
0.69
6343
시드니여행정보
50
0.8
268
시드니여행지
70
0.94
3371
시드니여행코스
30
0.57
1245
시드니자유여행
40
0.93
320
시드니투어
40
0.66
0
시드니펜션
30
0.86
1914
시드니한인민박
50
0.79
756
시드니한인회
40
0.96
2279
시드니허니문
40
0.81
1361
시드니호텔
10
0.91
0
시드니호텔예약
70
0.94
651
시드니호텔추천
50
0.86
699
시드니혼자여행
40
0.9
641
시리아
90
0.94
319
시리아여행
50
1
1004
시마
20
0.98
2899
시모노세키
30
0.91
481
시모어
30
0.87
598
시바스
20
0.93
876
시베리아
10
0.97
827
시베리아여행
90
0.91
611
시부
10
0.92
2695
시부리조트
30
0.98
2065
시부야
90
0.94
286
시부야민박
50
0.95
1081
시부야숙소
70
0.97
3777
시부야여행
50
0.81
3910
시부야패션
30
0.57
441
시부야호텔
30
0.77
1297
시스코
30
0.97
1721
시스터즈
70
0.52
1542
시아홀리데이
50
0.55
602
시안
40
0.88
201
시안호텔
30
0.88
311
시애틀
20
0.98
2437
시애틀민박
40
0.98
2544
시애틀숙박
40
0.91
0
시애틀여행
90
0.92
743
시애틀자유여행
50
0.7
1353
시애틀펜션
40
0.99
1088
시애틀한인회
50
0.89
472
시애틀호텔
70
0.5
230
시에라리온
40
0.93
777
시엔
30
0.89
1844
시엠립
30
0.94
367
시엠립호텔
10
0.99
1960
시즈오카
30
0.76
1012
시즈오카여행
20
0.97
596
시즈오카현
20
1
2459
시카고
50
0.83
1313
시카고관광
70
0.85
432
시카고모텔
40
0.88
216
시카고민박
50
0.91
946
시카고숙박
50
0.96
577
시카고여행
10
0.83
0
시카고위치
20
0.91
1086
시카고투어
70
0.84
911
시카고한인
40
0.76
668
시카고한인회
10
0.9
2252
시카고호텔
30
0.85
833
시카코
20
0.68
0
시코쿠
20
0
0
시코쿠여행
50
0.59
0
시클라우드
30
0.96
787
시타딘도쿄
10
0.96
1511
시티루트호텔
30
0.9
119
시화관광호텔
90
0.96
318
시흥관광호텔
10
0.92
1548
식당용정수기
50
0.78
742
신년해돋이
30
0.83
669
신라제주
40
0.91
3662
신라제주호텔
20
0.93
1218
신라호텔
30
0.75
2057
신라호텔서울
30
0.91
202
신라호텔예약
30
0.72
980
신라호텔웨딩
50
0.91
78
신라호텔제주
50
0.48
1850
신라호텔할인
10
0.76
913
신림동서점
30
0.97
1382
신림동하숙집
50
0.83
783
신림모텔
20
0.94
1545
신북리조트
20
0.9
662
신불산등산코스
50
0.98
1139
신불산온천
20
0.69
0
신사동선샤인호텔
50
0.82
349
신성리조트
50
0.67
785
신시내티
50
0.82
560
신안비치호텔
50
0.84
1401
신양파크호텔
10
0.91
3625
신오사카호텔
30
0.88
368
신장
50
0.73
539
신주
30
0.79
176
신주꾸
10
0.85
397
신주쿠
50
0.9
815
신주쿠게스트하우스
20
0.83
0
신주쿠뉴시티호텔
40
0.92
1647
신주쿠레지던스
20
1
1853
신주쿠모텔
40
0.72
604
신주쿠민박
10
0.92
585
신주쿠베스트호텔
20
0.93
1293
신주쿠비즈니스호텔
10
0.91
766
신주쿠비지니스호텔
40
0.84
359
신주쿠빈티지호텔
10
0.82
0
신주쿠숙박
20
0.97
1963
신주쿠숙소
70
0.64
1066
신주쿠스타호텔
30
0.84
1040
신주쿠여행
30
0.89
207
신주쿠워싱턴
10
0.92
1713
신주쿠워싱턴호텔
30
0.75
1457
신주쿠저렴한호텔
20
0.74
1542
신주쿠프린스
20
0.83
175
신주쿠프린스호텔
40
1
305
신주쿠호텔
40
0.96
686
신주쿠호텔예약
20
0.99
1183
신쥬쿠
40
0.86
880
신촌포스빌
20
0.71
522
신혼여행
50
0.83
426
신혼여행몰디브
10
0.95
4989
신혼침구
20
0.46
1104
실내스파펜션
40
0.91
297
실리
10
0.95
2067
실시간호텔예약
10
0.85
4011
심양
70
0.9
338
심양민박
50
0.67
750
심양여행
30
0.96
2737
심양호텔
40
0.97
793
심천
40
0.92
1812
심코
10
0.98
2839
심페로폴
30
0.89
0
싱가포르게스트하우스
30
0.98
3115
싱가포르관광
30
0.41
3073
싱가포르관광지
40
0.48
119
싱가포르교육
40
0.84
1029
싱가포르다니엘하우스
40
0.6
1035
싱가포르도미토리
10
0.74
165
싱가포르리조트
20
0.93
325
싱가포르민박
30
0.4
1409
싱가포르배낭여행
30
0.43
394
싱가포르생활
50
0.71
505
싱가포르센토사
30
0.58
284
싱가포르쇼핑
10
0.97
1630
싱가포르숙박
20
0.74
1222
싱가포르숙소
30
0.79
1044
싱가포르에어텔
50
0.75
228
싱가포르여행
10
0.98
2400
싱가포르여행경비
40
0.74
1886
싱가포르여행기
40
0.85
1992
싱가포르여행사
30
0.95
676
싱가포르여행정보
20
0.94
474
싱가포르자유여행
30
1
954
싱가포르전문여행사
30
0.86
475
싱가포르패키지
30
0.83
44
싱가포르하숙
30
0.68
0
싱가포르한인민박
2900
0.92
2966
싱가포르한인회
480
0.85
757
싱가포르항공권
480
0.9
1583
싱가포르호텔
210
0.4
217
싱가포르호텔예약
210
0.34
672
싱가포르호텔추천
390
0.51
1387
싱가포르화폐
210
0.77
1064
싱가폴가볼만한곳
70
0.67
643
싱가폴게스트하우스
110
0.32
2125
싱가폴골프
320
0.94
1057
싱가폴골프여행
40
0.69
305
싱가폴관광
70
0.76
661
싱가폴관광지
390
0.8
1437
싱가폴다니엘민박
90
0.27
0
싱가폴다니엘하우스
70
0.6
219
싱가폴도미토리
40
0.86
0
싱가폴리조트
40
0.72
234
싱가폴마리나만다린호텔
90
0.43
192
싱가폴마리나베이
260
0.42
948
싱가폴민박
30
0.81
972
싱가폴배낭여행
70
0.82
2533
싱가폴샹그릴라
110
0.18
484
싱가폴샹그릴라호텔
260
0.21
3335
싱가폴센토사
90
0.49
0
싱가폴쇼핑
90
0.85
1194
싱가폴숙박
480
0.65
1664
싱가폴숙소
2900
0.89
1186
싱가폴스위소텔
30
0.7
0
싱가폴시아홀리데이
8100
0.26
1495
싱가폴신혼여행
50
0.84
146
싱가폴에어텔
70
0.55
690
싱가폴여행
90
0.93
1207
싱가폴여행경비
50
0.66
491
싱가폴여행기
10
0.68
0
싱가폴여행일정
720
0.89
1262
싱가폴여행정보
170
0.23
4168
싱가폴여행지
90
0.33
415
싱가폴유스호스텔
90
0.42
286
싱가폴이민
50
0.92
976
싱가폴자유여행
70
0.35
1892
싱가폴자유여행일정
70
0.26
721
싱가폴저가호텔
90
0.33
0
싱가폴전문여행사
260
0.76
589
싱가폴콘도
90
0.82
460
싱가폴투어
20
0.6
0
싱가폴패밀리하우스
30
0.79
1067
싱가폴패키지
50
0.35
1607
싱가폴페닌슐라호텔
30
0.69
1690
싱가폴프렌즈하우스
30
0.89
460
싱가폴하숙
40
0.39
0
싱가폴한국촌
20
0.96
1463
싱가폴한인민박
50
0.48
1143
싱가폴한인회
260
0.89
383
싱가폴항공권
30
0.84
383
싱가폴항공권가격
320
0.31
1032
싱가폴핸드폰
70
0.96
1160
싱가폴허니문
210
0.8
263
싱가폴현지여행사
320
0.2
139
싱가폴호텔
110
0.38
278
싱가폴호텔예약
50
0.32
132
싱가폴호텔위치
50
0.45
396
싱가폴호텔정보
50
0.64
466
싱가폴호텔추천
140
0.66
662
싱가폴혼자여행
70
0.92
949
싱가폴화폐
90
0.48
624
싱가폴환율
20
0.75
0
싱글
50
0.4
524
싸이판리조트
90
0.64
967
싸이판패키지
110
0.78
863
싸이판호텔
40
0.68
0
썬루트호텔
30
0.41
0
썬비치호텔
10
0.1
0
썬샤인
30
0.89
2152
썬샤인호텔
210
0.72
993
썬월드다이너스티호텔
170
0.95
794
쎄부
170
0.45
0
쎌라
20
0.8
159
쑤저우
30
0.63
2729
씨사이드호텔
70
0.51
593
씨에나
20
0.66
614
씨엠립
210
0.6
467
씨클라우드호텔
50
0.64
1028
씨팰리스호텔
20
0.36
486
아가나
70
0.48
0
아그라
140
0.87
6469
아기낳는법
30
0.41
412
아나카프리
40
0.71
116
아나호텔
20
0.56
0
아놀드
30
0.4
548
아다나
70
0.24
3516
아다치
20
0.45
695
아덴
20
0.74
1044
아도니스호텔
50
0.65
1854
아드리아호텔
110
0.85
492
아디스아바바
50
0.38
0
아띠하우스
50
0.62
517
아라우
40
0.87
1275
아랍
70
0.58
435
아랍에미리트
40
0.94
537
아랍여행
20
0.53
0
아레
110
0.91
353
아레스
20
0.51
0
아로나
20
0.68
497
아론
70
0.65
0
아루바
20
0.92
0
아르누보레지던스
140
0.33
156
아르누보시티
30
0.58
0
아르누보씨티
90
0.88
370
아르떼미데
20
0.49
0
아르메니아
90
0.83
597
아르메니아여행
40
0.85
482
아르메리아
40
0.31
196
아르카디아
30
0.43
0
아르피나
50
0.3
0
아르피나유스호스텔
20
0.7
0
아르헨티나여행
20
0.9
458
아르헨티나여행지
20
0.5
0
아리랑관광호텔
70
0.42
1022
아리랑호텔
70
0.86
0
아리산
30
0.93
1414
아리스톤
10
0.89
383
아리아나
20
0.85
567
아리아나브로이
20
0.94
134
아리아나호텔
50
0.81
0
아리아스
50
0.83
319
아리차
40
0.78
2715
아마
30
0.76
57
아마나
50
0.39
521
아마라호텔
30
0.88
688
아마리돈무앙
20
0.73
1217
아마리아트리움호텔
40
0.65
0
아말피
30
0.88
334
아말피해안
10
0.72
820
아망테
40
0.62
622
아메리카나
30
0.58
1273
아모렉스펜션
40
0.91
258
아모렉스호텔
20
0.41
0
아모르호텔
30
0.91
721
아미가
50
0.8
573
아미가모텔
50
0.79
1254
아미가호텔
10
0.61
0
아미고호텔
30
0.41
0
아바타호텔
20
0.36
0
아발론
30
0.36
0
아벨라
40
0.09
0
아벨리노
30
0.92
633
아벨리노각막이상증
30
0.59
819
아부다비
20
0.49
0
아부다비게스트하우스
20
0.5
2349
아부다비여행
20
0.71
426
아부다비호텔
30
0.39
0
아부자
50
0.73
1641
아비뇽
50
0.57
328
아비뇽숙소
40
0.46
413
아비장
30
0.7
337
아비타
20
0.31
0
아사쿠사뷰호텔
20
0.75
0
아사히카와호텔
10
0.71
0
아산모텔
40
0.61
651
아산숙박
20
0.73
0
아산여행
50
0.78
360
아산온천레져호텔
40
0.34
244
아산온천모텔
10
0.58
0
아산온천호텔
40
0.59
0
아산호텔
20
0.55
0
아소스
40
0.89
777
아솔로
30
0.83
420
아순시온
40
0.88
531
아스
40
0.37
0
아스완
30
0.85
98
아스토리아
30
0.35
0
아스토리아관광호텔
40
0.88
580
아스토리아호텔
10
0.74
0
아스펜
20
0.94
0
아시시
20
0.45
296
아시아레이크사이드호텔
40
0.77
387
아시아지역호텔
50
0.66
149
아시아호텔
30
0.54
0
아야라까말라리조트
10
0.48
400
아연도강관
20
0.88
0
아오모리
30
0.29
0
아오모리여행
20
0.67
0
아오모리온천
20
0.66
345
아오모리호텔
10
0.4
953
아요디아리조트
10
0.58
3
아우라호텔
20
0.33
1114
아우스
30
0.8
715
아웃리거
20
0.88
307
아웃리거리조트
20
0.78
0
아유타야
20
0.72
0
아이다호
20
0.51
0
아이머스
10
0.6
0
아이발리
10
0.4
0
아이발릭
20
0.38
0
아이비하우스
20
0.56
113
아이스랜드
20
0.31
0
아이슬란드
20
0.32
0
아이언우드
20
0.39
0
아이티
10
0.49
0
아이파크콘도
20
0.45
433
아이피부티크
10
0.69
0
아일랜드여행
20
0.75
759
아일랜드투어
30
0.44
0
아일랜드파크
10
0.84
386
아일랜드풀빌라
10
0.33
0
아일랜드호텔
20
0.21
0
아제르바이잔
10
0.64
0
아주르
20
0.23
0
아치
10
0.59
0
아카바
10
0.54
0
아카사카프린스호텔
10
0.16
1957
아카시
20
0.41
748
아카시아
20
0.79
320
아카시아호텔
10
0.54
0
아카풀코
20
0.56
0
아쿠아리조트
20
0.43
459
아쿠아팰리스
10
0.18
0
아쿠아팰리스호텔
20
0.67
0
아쿠아호텔
20
0.61
0
아크라
10
0.28
0
아크릴현판
20
0.61
368
아키타
20
0.4
805
아키타여행
10
0.71
3088
아키타자유여행
20
0.26
0
아키타패키지
70
0.5
70
아키타현
10
0.47
0
아키타현여행
10
0.57
789
아테네
10
0.68
4113
아테네민박
10
0.64
110
아테네숙소
10
0.33
0
아테네여행
10
0.39
0
아테네올림픽
20
0.68
595
아테네호텔
10
0.04
0
아파호텔
10
0.57
502
아프가니스탄
10
0.79
0
아프리카
10
0.24
0
아프리카배낭여행
20
0.71
61
아프리카신혼여행
10
0.8
0
아프리카여행
10
0.35
0
아프리카여행경비
20
0.68
0
아프리카투어
10
0.39
0
아프리카허니문
10
0.94
0
아프릴리아
10
0.51
402
아피아
10
0.6
0
안국게스트하우스
10
0.53
0
안달루시아여행
10
0.47
0
안도라
10
0.89
535
안동
10
0.7
474
안동게스트하우스
10
0.91
560
안동관광
10
0.37
0
안동숙박
10
0.91
0
안동시티투어
10
0.82
9138
안동여행
10
0.79
865
안동여행코스
10
0.42
451
안동찜닭
10
0.31
45
안동호텔
10
0.7
0
안면도
10
0.28
0
안면도리조트
10
0.26
0
안면도몰디브펜션
10
0.74
248
안면도민박
0
0
0
안면도민박추천
1000
0.51
1218
안면도숙박
1000
0.94
9137
안면도숙박시설
22200
0.09
2656
안면도숙박정보
260
0.91
4987
안면도숙소
140
0.98
1794
안면도여행
260
0.06
0
안면도여행정보
90
0.81
1278
안면도여행지
320
0.71
571
안면도투어
140
0.52
682
안면도호텔
170
0.54
639
안산관광버스
880
0.14
2056
안산라스베가스호텔
320
0.81
708
안산모텔
40
0.98
1545
안산호텔
90
0.68
374
안성모텔
480
0.05
0
안시
90
0.61
654
안양모텔
30
0.88
950
안양하숙
90
0.13
2010
안양호텔
210
0.14
0
안코나
70
0.49
143
안타나나리보
110
0.58
591
안탈리아
110
0.1
0
안토니
210
0.39
1866
안토니오
70
0.02
0
안트워프
20
0.97
4681
알
170
0.13
0
알뜰항공권
50
0.82
732
알라모
70
0.08
0
알라모아나호텔
170
0.33
0
알래스카
90
0.82
1006
알래스카여행
40
0.79
590
알레스
50
0.72
784
알레포
140
0.19
0
알렉산드라
50
0.13
1468
알렉산드리아
110
0.97
1035
알렉스
90
0.09
0
알렌
110
0.67
780
알로하
70
0.55
0
알리앙스
20
0.13
0
알리앙스예식장
140
0.04
0
알리앙스웨딩
20
0.14
0
알리앙스웨딩홀
90
0.35
0
알리앙스프랑세즈
70
0.79
501
알린타리조트
90
0.87
629
알릴라울루와뚜
70
0.07
0
알링턴
90
0.54
2279
알마
20
0.91
2418
알마티
70
0.58
1002
알미늄가공
50
0.18
2257
알바
50
0.97
481
알바니아
70
0.89
686
알바니아여행
10
0.67
165
알바호텔
50
0.02
0
알제
50
0.31
0
알제리
30
0.71
122
알제리여행
40
0.76
818
알타
30
0.14
0
알타몬트
50
0.4
0
알타비스타
20
0.46
306
알타세부리조트
40
0.91
0
알테아
40
0.09
0
알토
30
0.19
0
알투라
20
0.91
817
알투스
30
0.65
0
알파파
50
0.1
0
알프레드
40
0.13
0
알프스호텔
30
0.07
0
암만
20
0.25
0
암스테르담
10
0.63
1200
암스테르담민박
20
0.96
1198
암스테르담숙소
40
0.86
161
암스테르담여행
40
0.87
98
암스테르담호텔
20
0.9
610
암스텔담
30
0.62
0
암스텔담민박
20
0.65
1097
암팡
20
0.58
0
앙골라
30
0.49
954
앙사나리조트
30
0.11
0
앙제
30
0.51
229
앙카라
30
0.51
0
앙코르
20
0.68
442
앙코르와트여행기
30
0.33
0
앙코르와트호텔
30
0.14
0
앙코르호텔
30
0.64
831
애너하임
20
0.89
1946
애드미럴호텔
30
0.42
912
애드워즈
10
0.73
0
애리조나
20
0.1
0
애버크롬비
10
0.84
0
애스톤와이키키
20
0.33
0
애슬론
20
0.88
509
애크미
10
0.11
0
애크미영어캠프
10
0.69
654
애틀랜타
10
0.84
1175
애틀랜타여행
10
0.19
0
애플비
10
0.14
0
애플트리호텔
10
0.49
0
앤게스트하우스
10
0.16
0
앤더슨
3600
0.72
4071
앤스테드
50
0.34
0
앨리스스프링스
50
0.21
725
앰배서더
50
0.23
48
앰버서더호텔
20
0.45
0
앰블호텔
30
0.14
0
앵커리지
20
0.28
0
앵커리지여행
20
0.46
665
야로슬라블
10
0.63
980
야마가타
20
0.12
0
야오
10
0.62
299
야운데
10
0.81
654
야키마
10
0.45
0
얌
10
0.92
239
양구민박
10
0.19
0
양구숙박
10
0.63
0
양구호텔
10
0.11
0
양산민박
10
0.77
4335
양양
2900
0.84
855
양양가볼만한곳
590
0.95
201
양양관광
390
0.83
144
양양리조트
390
0.93
227
양양모텔
320
0.97
207
양양민박
90
0.72
412
양양숙박
170
0.94
323
양양숙소
260
0.97
168
양양여행
880
0.98
240
양양예쁜펜션
480
0.87
151
양양이쁜펜션
3600
0.91
193
양양호텔
590
0.87
296
양지파인리조트
140
0.97
249
양평모텔
70
0.95
225
양평민박
210
0.95
207
양평숙박
110
0.87
307
양평스파
70
0.81
171
양평여행
3600
0.93
385
양평예쁜팬션
110
0.92
145
양평예쁜펜션
390
0.93
160
양평워크샵장소
140
0.91
252
양평이쁜펜션
210
0.91
172
양평콘도
50
0.87
149
양평팬션단체
2900
0.97
370
어바나
390
0.94
98
억새여행
90
0.95
234
언더우드
140
0.88
149
언양자수정
1900
0.95
408
얼굴피지제거
210
0.76
112
얼라이언스
110
0.98
158
얼리
140
0.97
143
에데사
70
0.77
191
에데사전기렌지
140
0.73
131
에드먼턴
70
0.86
118
에든버러
210
0.97
153
에든버러민박
140
0.9
279
에든버러축제
170
0.28
0
에딘버러호텔
5400
0.94
502
에르모사
90
0.97
180
에메랄드
170
0.91
202
에메랄드풀빌라
1900
0.95
288
에메랄드호텔
70
0.91
115
에반스
70
0.96
355
에버그린호텔
1000
0.94
205
에버딘
720
0.87
90
에볼루션
110
0.98
185
에브리
1000
0.39
92
에비스호텔
720
0.98
441
에센
210
0.95
231
에스토니아
2400
0.93
229
에스틸
210
0.96
242
에어
140
0.83
211
에어부산
260
0.88
275
에어인디아
50
0.93
123
에어파크호텔
140
0.93
263
에어포트호텔
90
0.9
100
에이원호텔
170
0.95
153
에이컨
90
0.97
272
에칭
70
0.94
189
에티오피아
260
0.94
150
에페
320
0.91
189
에폰
30
0.72
138
엑상프로방스
170
0.96
126
엑스포호텔
260
0.72
121
엔터프라이즈
110
0.97
145
엘니도
170
0.93
180
엘니도리조트
170
0.92
204
엘니도신혼여행
70
0.91
190
엘니도펜션
50
0.76
116
엘니도허니문
40
0.25
0
엘도라도
40
0.87
770
엘도라도리조트
70
0.84
134
엘도라도리조트예약
110
0.86
154
엘디스리젠트
40
0.9
168
엘디스리젠트호텔
50
0.76
147
엘디스호텔
90
0.63
96
엘레콤
50
0.9
150
엘로이
30
0.88
162
엘루이호텔
40
0.74
107
엘르인
140
0.92
143
엘르인호텔
110
0.69
121
엘름
90
0.96
277
엘리
90
0.8
395
엘리스스프링스
40
0.95
142
엘리시안
70
0.73
165
엘리시안골프장
50
0.89
175
엘리시안리조트
50
0.95
154
엘리시안cc
110
0.92
249
엘리자베스
40
0.8
105
엘리자베스민박
70
1
200
엘리제이
40
0.92
144
엘리트
10
0.81
185
엘브리지
70
0.75
109
엘사
40
0.73
249
엘사어학원
90
0.9
198
엘진
20
0.85
117
엘크
70
0.96
143
엘파소
70
0.84
109
엠블호텔
70
0.64
122
엠쉐르빌
90
0.83
150
엠파이어
90
0.8
95
엠파이어호텔
40
0.93
211
엠포리아
40
0.88
157
엠프레스
90
0.98
180
엠호텔
50
0.95
135
여관
70
0.91
555
여름여행지추천
30
0.99
235
여름커플여행
70
0.98
280
여름휴가
30
0.95
233
여름휴가가볼만한곳
70
0.89
276
여름휴가갈만한곳
20
0.78
284
여름휴가계획
30
0.53
0
여름휴가기간
40
0.91
130
여름휴가여행지
40
0.93
215
여름휴가지
20
0.69
126
여름휴가지추천
50
0.84
142
여름휴가추천
50
0.8
105
여름휴가팬션
70
0.64
93
여름휴가펜션
30
0.93
270
여름휴가해외여행
50
0.71
164
여름휴양지
40
0.88
225
여수관광호텔
50
0.52
93
여수모텔
50
0.8
110
여수민박
50
0.78
146
여수숙박
50
0.9
124
여수시펜션
30
0.84
96
여수여행
50
0.16
0
여수오동도
20
0.89
255
여수오동도펜션
30
0.74
120
여수호텔
30
0.82
125
여수호텔예약
20
0.84
76
여수호텔추천
30
0.94
162
여의도관광호텔
50
0.62
448
여의도렉싱턴호텔
10
0.87
270
여의도메리어트호텔
20
0.99
272
여의도코보스호텔
10
0.72
373
여의도호텔
40
0.86
320
여주펜션
30
0.86
512
여행
10
0.92
125
여행가이드
30
0.74
131
역삼아르누보
20
0.73
124
역삼아르누보레지던스
30
0.92
97
역삼아르누보시티
30
0.79
293
역삼휴먼스타빌
20
0.59
591
연대하숙
40
0.86
1029
영
40
0.85
290
영국
10
0.93
323
영국가볼만한곳
30
0.39
122
영국게스트하우스
20
0.95
172
영국민박
30
0.82
227
영국배낭여행
40
0.62
0
영국배낭여행일정
20
0.86
176
영국숙박
40
0.87
321
영국숙소
30
0.69
93
영국신혼여행
10
0.86
0
영국여행
20
0.83
160
영국여행경비
30
0.89
112
영국여행기
30
0.81
102
영국여행정보
30
0.67
107
영국여행지
40
0.7
225
영국자유여행
20
0.93
218
영국투어
10
0.72
0
영국한인민박
20
0.89
260
영국한인회
10
0.88
439
영국호텔
30
0.72
113
영국호텔예약
30
0.96
65
영덕모텔
30
0.96
140
영덕민박
20
0.42
0
영덕숙박
10
0
0
영덕호텔
20
0.88
114
영동호텔
10
0.98
121
영등포모텔
20
0.9
117
영월민박
20
0.76
67
영월여행
30
0.8
144
영월천문대
10
0.92
177
영종도리조트
20
0.63
306
영종도호텔
30
0.36
53
예나
20
0.89
192
예루살렘
20
0.59
119
예멘
20
0.75
99
예쁜컴퓨터책상
20
0.9
98
예약
10
0.68
511
예하게스트하우스
20
0.7
329
옐로우스톤국립공원
30
0.82
224
오닐
20
0.77
96
오다
20
0.75
130
오대산펜션
10
0.92
180
오레와
20
0.89
122
오렌지빌
10
0.93
132
오렌지빌리지
10
0.92
175
오렌지카운티
20
0.6
98
오렌지트리
10
0.97
131
오로라민박
10
0.84
145
오로라여행
10
0.69
0
오로라투어
10
0.81
84
오르곤
20
0.66
201
오르세
10
0.62
0
오를리
10
0.98
239
오리건
3600
0.78
164
오리엔탈
720
0.95
194
오리엔탈호텔
320
0.97
240
오리엔트
390
0.97
712
오리엔트리조트
320
0.94
135
오마하
170
0.96
223
오만
140
0.93
167
오만여행
210
0.96
360
오목교코업레지던스
170
0.98
269
오미야
170
0.84
395
오바
320
0.97
241
오바다
110
0.96
181
오버랜드
90
0.98
266
오버로크
480
0.93
234
오비도스
110
0.71
259
오사까
50
0.98
222
오사카
70
0.9
342
오사카가볼만한곳
110
0.98
206
오사카가족여행
70
0.93
114
오사카게스트하우스
140
0.9
133
오사카관광지
720
0.92
554
오사카난바
880
0.89
121
오사카다이이치호텔
50
0.92
134
오사카료칸
140
0.87
145
오사카민박
480
0.63
179
오사카민박추천
390
0.94
168
오사카배낭여행
90
0.85
112
오사카비즈니스호텔
210
0.82
157
오사카비지니스호텔
70
0.99
471
오사카성
170
0.96
119
오사카숙박
390
0.99
370
오사카숙소
90
0.88
128
오사카에어텔
50
0.97
136
오사카여행
50
0.9
109
오사카여행경비
110
0.97
129
오사카여행기
40
0.92
97
오사카여행일정
50
0.98
182
오사카여행정보
30
0.95
120
오사카여행지
110
0.96
282
오사카여행코스
320
0.9
162
오사카온천
30
0.92
126
오사카유스호스텔
70
0.62
143
오사카자유여행
90
0.87
181
오사카자유여행일정
40
0.96
198
오사카주유패스
70
0.93
193
오사카패스
40
0.97
226
오사카패키지
70
0.97
296
오사카하우스
140
0.95
302
오사카한국민박
140
0.92
269
오사카한인민박
90
0.94
242
오사카항공권
40
0.66
124
오사카호텔
50
0.98
209
오사카호텔예약
70
0.88
81
오사카호텔추천
140
0.82
121
오사카후지야호텔
30
0.87
238
오산모텔
20
0.91
500
오색그린야드호텔
110
0.78
162
오셀로
50
0.77
151
오션그랜드
110
0.99
209
오션그랜드호텔
50
0.91
423
오션그랜드호텔제주
30
0.89
335
오션리조트
70
0.88
339
오션모텔
50
0.95
131
오션비치
110
0.85
189
오션비치리조트
90
0.89
447
오션사이드
50
0.85
97
오션사이드호텔
30
0.86
207
오션스위츠
70
0.92
168
오션스위츠호텔
70
0.9
497
오슈
90
0.85
124
오스
70
0.95
246
오스트라바
90
0.89
278
오스트레일리아여행
30
0.89
400
오스트리아
40
0.85
98
오스트리아민박
20
0.94
491
오스트리아신혼여행
30
0.95
145
오스트리아여행
40
0.41
2603
오스트리아여행지
50
0.98
235
오스트리아자유여행
20
0.96
155
오스트리아한인민박
50
0.98
187
오스트리아할슈타트
70
0.93
211
오스트리아호텔
10
0.96
94
오스틴
50
0.66
113
오슬로
50
0.97
135
오슬로여행
40
0.51
0
오슬로호텔
30
0.74
112
오시마
50
0.71
109
오아시스리조트
50
0.48
167
오아시스호텔
20
0.74
102
오아후
50
0.85
298
오아후호텔
20
0.89
188
오이타
20
0.73
98
오이타호텔
30
0.93
301
오즈
30
0.96
487
오카야마
30
0.49
0
오쿠라호텔
40
0.97
295
오크우드
50
0.99
437
오크우드프리미어
40
0.98
757
오크우드프리미어코엑스센터
40
0.93
243
오크우드호텔
40
0.99
233
오크호텔
30
0.99
316
오클라호마
40
0.52
345
오클라호마시티
10
0.92
74
오클랜드
30
0.97
226
오클랜드여행
30
0.84
90
오클랜드호텔
20
0.81
148
오클레어
30
0.76
123
오클리
20
0.82
137
오클리패션
30
0.81
144
오키나와
20
0.94
143
오키나와골프
30
0.82
131
오키나와관광
20
0.67
131
오키나와리조트
20
0.84
45
오키나와민박
30
0.86
202
오키나와섬
20
0.88
119
오키나와숙박
20
0.9
77
오키나와숙소
20
0.91
111
오키나와신혼여행
10
0.55
0
오키나와여행
10
0.91
0
오키나와자유여행
20
0.87
124
오키나와풀빌라
10
0.72
74
오키나와허니문
20
0.69
135
오키나와호텔
20
0.42
107
오타
20
0.93
205
오타루
20
0.8
109
오타루여행
10
0.89
403
오타루호텔
10
0.83
440
오타반점
0
0
0
오타와
10
0.85
119
오티스
3600
0.91
1220
오퍼드
590
0.96
1578
오페라
480
0.99
1158
오펠리카
170
0.96
1434
오프
720
0.93
712
오픈게스트하우스
110
0.91
207
오하나와이키키웨스트
140
0.85
804
오하이오
90
0.89
1826
옥스퍼드
90
0.91
1291
옥스퍼드블럭
2400
0.55
426
옥스포드
1600
0.06
0
옥스포드완구
590
0.03
0
온다
880
0.1
0
온두라스
170
0.97
867
온라인여행사
140
0.98
1084
온양
210
0.93
198
온양관광호텔
170
0.58
0
온양그랜드호텔
480
0.16
1252
온양온천호텔
720
0.35
306
온양팔래스호텔
50
0.64
1718
온양호텔
480
0.27
870
온워드리조트
70
0.87
324
온워드비치리조트
40
0.95
1482
온천호텔
260
0.98
1333
온타리오
590
0.39
224
올랜도
70
0.89
828
올랜도관광
480
0.13
561
올랜도여행
480
0.21
888
올랜도호텔
20
0.94
972
올레게스트하우스
110
0.03
0
올로
70
0.73
987
올리마
140
0.83
363
올리바
40
0.93
1126
올리벨라
90
0.9
638
올림피아
10
0.69
924
올림피아버너
30
0.9
1496
올림피아호텔
50
0.9
631
올림픽공원호텔
20
0.99
726
올림픽파크텔
170
0.39
71
올림픽파크텔웨딩홀
30
0.93
1315
올림픽파크호텔
20
0.95
762
올림픽호텔
20
0.95
1575
옴멘
40
0.96
1212
와가두구
110
0.35
0
와그너
50
0.2
0
와나카
90
0.98
500
와이오밍
70
0.46
185
와이즈
140
0.69
187
와이키키
110
0.35
46
와이키키리조트
90
0.94
217
와이키키리조트호텔
70
0.96
598
와이키키메리어트
30
0.97
1722
와이키키호텔
10
0.87
901
와인더
70
0.99
564
와인레스토랑
170
0.97
586
와코
20
0.85
1079
완도민박
70
0.7
120
왜목마을모텔
50
0.36
88
외국인게스트하우스
30
0.74
426
외국인임대
70
0
0
외국호텔예약
20
0.99
1664
외치
50
0.77
569
요나고
40
0.43
0
요나고호텔
50
0.35
0
요르단여행
40
0.71
320
요세미티국립공원
50
0.45
0
요셉나무게스트하우스
20
0.89
833
요코하마
20
0.96
1293
요코하마민박
30
0.87
559
요코하마숙박
20
0.81
0
요코하마숙소
40
0.98
187
요코하마여행
40
0.87
194
요코하마호텔
40
0.19
0
요크빌
20
0.95
1220
요크셔
10
0.96
1584
용인
10
0.98
1019
용인가볼만한곳
20
0.97
1299
용인관광버스
30
0.7
614
용인리조트
30
0.15
0
용인모텔
20
0.7
1213
용인민박
10
0.9
1421
용인숙박
20
0.62
478
용인숙소
20
0.93
895
용인시팬션
20
0.31
2313
용인시펜션
10
0.99
1242
용인예쁜펜션
20
0.34
0
용인이쁜펜션
20
0.84
68
용인지역팬션
10
0.78
0
용인지역펜션
10
0.2
0
용인하숙
20
0.97
734
용인호텔
10
0.34
0
용평리조트그린피아콘도
20
0.21
0
용평스키리조트
10
0.46
0
우간다
10
0.71
1766
우드랜드
10
0
0
우드브릿지
10
0.61
915
우드워드
0
0
0
우레시노
480
0.83
199
우루무치
1900
0.98
270
우루무치여행
720
0.98
263
우루무치투어
390
0.98
359
우붓
260
0.96
436
우붓풀빌라
260
0.96
333
우븐팬츠
170
0.92
237
우즈베키스탄
320
0.95
124
우즈베키스탄골프여행
260
0.98
484
우즈베키스탄여행
260
0.98
218
우즈베키스탄여행사
90
0.99
217
우즈베키스탄호텔
110
0.93
396
우즈벡
170
0.98
207
우즈벡미녀
110
0.95
206
우즈벡비자
140
0.96
313
우즈벡여자
140
0.8
139
우즈벡여행
90
0.92
141
우크라이나
170
0.95
286
우크라이나미녀
2400
0.39
140
우크라이나여행
90
0.7
485
우파
110
0.95
189
우한
50
0.99
282
운남성여행
110
0.97
486
운젠
9900
0.96
216
울란바토르
50
0.8
149
울란바토르호텔
170
0.96
211
울랄라
70
0.85
176
울루와뚜
40
0.96
218
울릉도
110
0.93
205
울릉도1박2일여행
70
0.95
312
울릉도가족여행
70
0.99
157
울릉도리조트
135000
1
552
울릉도모텔
50
0.94
293
울릉도민박
30
0.99
602
울릉도숙박
70
0.84
235
울릉도숙박시설
20
0.93
113
울릉도숙소
2400
0.87
175
울릉도여관
880
0.93
129
울릉도여행
30
0.98
279
울릉도여행가기
50
0.89
188
울릉도여행경비
170
0.99
151
울릉도여행정보
170
0.99
382
울릉도여행코스
70
0.97
140
울릉도자유여행
110
0.95
155
울릉도투어
50
0.96
253
울릉도패키지
90
0.8
67
울릉도호텔
110
0.7
43
울산가볼만한곳
50
0.88
246
울산동구부동산
170
0.82
388
울산롯데호텔
50
0.96
194
울산롯데호텔뷔페
50
0.58
123
울산모텔
40
0.95
116
울산민박
110
0.99
137
울산배네골
170
0.99
235
울산부동산
40
0.91
338
울산부동산카페
30
0.93
119
울산숙박
210
0.83
128
울산시티투어
70
0.94
123
울산여관
210
0.98
88
울산월세
320
0.88
181
울산인터넷가입
70
0.97
225
울산현대호텔
70
0.65
220
울산호텔
260
0.74
342
울산호텔추천
90
0.66
204
울진민박
90
0.95
195
울진숙박
20
0.84
283
워너
140
0.97
168
워드
20
0.89
164
워리
210
0.94
166
워릭
170
0.94
149
워스
30
0.98
292
워싱턴민박
50
0.99
151
워싱턴여행
210
0.98
225
워싱턴호텔
140
0.96
112
워싱턴DC
40
0.9
334
워싱턴DC민박
30
0.99
478
워싱턴DC호텔
50
1
305
워커
30
0.92
170
워크
50
0.92
167
워킹
30
0.96
339
워터프론트호텔
20
0.88
0
원주모텔
20
0.92
216
원주민박
20
0.93
271
원주숙박
70
0.78
208
원주에있는펜션
40
0.96
533
원주여행
70
0.95
475
원주호텔
50
0.45
0
월
140
1
181
월넛
70
0.54
124
월도프아스토리아
20
0.96
75
월드호텔센터
90
0.98
195
월출산관광호텔
50
1
433
월튼
40
0.99
240
웨스턴
50
0.96
324
웨스턴코업
70
0.97
248
웨스턴코업레지던스
50
0.96
157
웨스턴호텔
70
0.94
224
웨스트
30
0.84
266
웨스트민스터
70
0.53
313
웨스트우드
50
0.77
260
웨스트필드
10
0.94
231
웨스틴조선부산
30
0.94
251
웨어
40
0.62
90
웨이하이
30
0.97
100
웨이하이호텔
90
0.44
205
웨인스콧
50
0.87
67
웰리조트
20
1
375
웰링턴
20
0.63
80
웰치
70
0.77
120
위내시경가격
90
0.97
242
위너
30
0.83
75
위너스관광호텔
20
0.98
549
위니
40
0.96
606
위드투어
50
0.16
0
위스콘신
30
0.97
398
위치타
30
0.97
125
위해호텔
50
0.92
100
윈리조트
20
0.92
878
윈스턴
20
0.81
396
윈저
70
0.95
456
윈저캐슬관광호텔
40
0.34
0
윈저호텔
40
0.97
208
윈호텔
90
0.27
203
윌러드
50
0.83
63
윌리엄스
10
0.89
247
윌슨
30
0.94
339
유나이티드
30
0.74
648
유니베라
20
0.92
510
유니스
70
0.97
187
유니언
20
0.74
997
유니온
30
0.7
120
유도
20
0.94
235
유럽
20
0.87
524
유럽한인민박
20
0.88
96
유럽호텔
50
0.95
250
유로파
50
0.98
327
유마
50
0.98
183
유성
10
0.94
45
유성관광호텔
20
0.98
264
유성리베라호텔
10
0.08
0
유성모텔
40
0.95
150
유성온천호텔
40
0.93
862
유성호텔
50
0.97
630
유엔관광호텔
20
0.96
350
유진호텔
50
0.7
859
유콘
30
0.84
94
유클리드
30
0.8
117
유타
40
0.94
175
유토
50
0.94
167
유토피아관광호텔
20
0.54
78
유후
20
1
206
율리시스
30
0.9
124
융프라우요흐
40
0.68
64
은자메나
20
0.83
201
을왕관광호텔
10
0.87
796
을왕리리조트
10
1
117
을지로코업레지던스
10
0.97
284
음악기초이론
30
0.92
489
의정부
30
0.87
299
의정부모텔
20
0.75
0
의정부호텔
30
0.98
577
이과수
20
0.98
422
이글
30
0.96
141
이라크
30
0.69
143
이란
10
0.93
148
이란여행
40
0.99
383
이몰라
20
0.84
202
이바라키
20
0.95
107
이브스키
10
0.82
1715
이비스앰배서더부산
10
0.87
105
이비자
20
0.85
155
이사벨라
40
0.84
149
이사차량
30
0.99
136
이세
30
0.94
198
이세오
20
0
0
이스라엘
30
0.98
173
이스라엘여행
20
0.82
63
이스탄불
30
0.11
372
이스탄불민박
20
0.71
29
이스탄불숙박
20
0.84
132
이스탄불숙소
30
0.83
188
이스탄불여행
40
0.84
77
이스탄불호텔
20
0.82
110
이스탄불호텔예약
20
1
308
이스터섬
40
0.84
318
이스턴
30
0.91
62
이스턴호텔
10
0.08
0
이스트게이트
30
0.97
110
이스트게이트타워호텔
20
0.97
127
이스트랜드
10
0.95
102
이스트본
10
0.99
356
이슬라
10
0.94
1099
이슬라리조트
20
0.86
0
이슬라호텔
10
0.97
589
이오니아
10
0.94
230
이오스
10
0.65
157
이우민박
30
0.96
383
이우호텔
10
0.91
516
이장
10
0.95
297
이즈
10
0.98
0
이즈미
20
0.97
343
이집트
20
0.8
236
이집트민박
20
0.12
0
이집트배낭여행
20
0.78
0
이집트숙박
10
0.43
0
이집트신혼여행
10
0.88
0
이집트여행
10
0.9
289
이집트여행경비
20
0.81
845
이집트여행기
10
0.91
0
이집트여행정보
10
0.96
230
이집트여행코스
20
0.67
199
이집트여행호텔
10
0.97
214
이집트자유여행
20
0.79
186
이집트투어
10
0.86
726
이집트패키지
20
0.99
420
이집트한인민박
20
0.73
0
이집트허니문
10
1
274
이집트호텔
10
0.99
141
이천모텔
20
0.92
102
이천미란다
10
0.47
0
이천여행
10
0.89
178
이천호텔
20
0.91
197
이케다
20
0.34
15
이탈리아
20
0.86
186
이탈리아민박
20
0.96
84
이탈리아배낭여행
20
0.19
0
이탈리아숙박
20
0.79
119
이탈리아숙소
10
0.84
400
이탈리아신혼여행
10
0.66
261
이탈리아여행
20
0.88
96
이탈리아여행경비
0
0
0
이탈리아여행기
10
0.93
419
이탈리아여행정보
20
0.83
0
이탈리아여행지
10
0.98
162
이탈리아여행코스
10
0.98
104
이탈리아자유여행
10
0.61
142
이탈리아투어
10
0.78
310
이탈리아한인민박
10
0.83
0
이탈리아호텔
10
0.72
0
이탈리아호텔예약
10
0.95
445
이태리가이드
10
0.98
287
이태리민박
10
0.7
0
이태리여행정보
0
0
0
이태리자유여행
10
0.92
130
이태원게스트하우스
10
0.43
242
이태원크라운호텔
10
0.74
0
이태원해밀턴호텔
10
0.9
164
이태원호텔
10
0.81
0
이토
10
0.95
269
이투
10
0.88
80
이튼호텔
20
0.84
420
이포CC
10
0.93
251
인기도서
10
0.74
264
인도
10
0.06
0
인도게스트하우스
10
0.87
0
인도네시아
10
0.92
182
인도네시아리조트
10
0.91
274
인도네시아발리
10
0.91
535
인도네시아배낭여행
10
0.53
0
인도네시아신혼여행
10
0
0
인도네시아여행
10
0.91
0
인도네시아여행정보
1000
0.98
306
인도네시아여행지
390
0.98
379
인도네시아자유여행
210
0.97
253
인도네시아자카르타
260
0.93
544
인도네시아호텔
320
0.96
476
인도민박
320
0.86
158
인도배낭여행
480
0.86
647
인도숙박
260
0.99
347
인도숙소
140
0.77
85
인도여행
390
0.54
275
인도여행경비
140
0.97
511
인도여행기
3600
0.89
383
인도여행정보
720
0.99
261
인도여행지
90
0.83
334
인도여행패키지
110
0.91
442
인도자유여행
110
1
331
인도패키지
90
0.94
659
인도한인민박
140
0.93
163
인도호텔
720
0.82
223
인디고펄
170
0.98
164
인디애나
110
0.95
481
인디애나폴리스
140
0.98
599
인디언헤드
70
0.89
350
인디펜던스
140
0.96
231
인모
210
0.98
199
인바
1600
0.98
535
인버네스
170
0.82
181
인사동숙박
210
0.96
637
인사동크라운호텔
210
0.95
144
인사동호텔
480
0.84
276
인스브루크
30
0.76
142
인제군민박
170
0.93
225
인제숙박
140
0.99
209
인천가볼만한곳
590
0.98
273
인천가족여행
70
0.96
416
인천게스트하우스
90
0.77
138
인천골든스카이
390
0.73
263
인천골든스카이리조트
320
0.94
243
인천공항게스트하우스
210
0.96
205
인천공항내호텔
70
0.9
125
인천공항라운지
260
0.93
358
인천공항모텔
480
0.99
270
인천공항부근호텔
210
0.99
452
인천공항숙박
260
0.98
221
인천공항신도시
50
0.84
320
인천공항오션사이드호텔
40
0.91
178
인천공항인근호텔
30
0.92
561
인천공항주변호텔
40
0.98
311
인천공항퀸호텔
40
0.93
726
인천공항허니문호텔
110
0.98
239
인천공항호텔
110
0.94
197
인천공항호텔예약
210
0.97
288
인천공항호텔퀸
70
0.98
321
인천공항환승호텔
30
0.97
140
인천관광지
320
0.85
250
인천관광호텔
320
0.94
170
인천국제공항호텔
170
1
321
인천당일여행
70
0.94
94
인천데이트코스
70
0.82
127
인천로얄호텔
90
0.98
409
인천리조트
90
0.93
321
인천명소
110
0.89
387
인천모텔
210
0.96
201
인천민박
90
0.95
310
인천베스트웨스턴호텔
50
0.99
353
인천비치관광호텔
170
0.98
132
인천비치호텔
40
0.99
243
인천송도비치호텔
140
0.98
245
인천숙박
110
0.95
384
인천시티투어
40
0.96
582
인천에어텔
50
0.93
502
인천여행
50
0.96
613
인천여행지
50
0.97
201
인천여행지추천
30
0.94
272
인천지역호텔
110
0.99
331
인천카리스호텔
10
0.84
0
인천콘도
20
0.91
59
인천투어
110
0.95
194
인천파라다이스호텔
70
0.99
168
인천하숙
140
0.97
300
인천하얏트리젠시
50
0.97
480
인천호텔
90
0.95
618
인천호텔예약
90
0.86
89
인천호텔추천
30
0.92
142
인천호텔패키지
50
0.96
158
인터내셔널호텔
20
0.88
152
인터라켄
30
0.86
587
인터라켄민박
110
0.92
163
인터라켄숙박
40
0.92
156
인터라켄숙소
90
0.91
220
인터라켄여행
50
0.97
108
인터라켄펜션
50
0.69
561
인터라켄호텔
20
0.96
482
인터시티호텔
40
0.54
213
인터코스
20
0.95
0
인테리어
70
0.95
148
인테리어펜션
90
0.96
228
일데팡
40
0.91
616
일로일로어학원
40
0.98
182
일루아
20
0.63
0
일루아호텔
50
0.94
214
일리노이
50
0.86
285
일본
10
0.79
0
일본1박2일여행
20
0.82
239
일본가볼만한곳
70
0.93
564
일본가족여행
90
0.99
527
일본게스트하우스
30
0.92
196
일본고베
40
1
251
일본고베여행
30
0.92
415
일본골프여행
20
0.88
243
일본관광정보
50
0.97
398
일본규슈여행
40
0.94
430
일본기숙사
30
0.99
296
일본대마도
50
0.88
63
일본도쿄호텔
20
0.94
229
일본동경민박
50
0.93
169
일본동경호텔
70
0.93
206
일본드라마
10
0.99
770
일본땡처리
10
0.91
150
일본레지던스
20
0.92
536
일본레지던스호텔
40
0.86
110
일본료칸
10
0.83
254
일본료칸예약
30
0.97
481
일본모텔
20
0.59
162
일본미야자키
20
0.93
0
일본민박
20
0.95
380
일본민박추천
40
0.84
217
일본배낭여행
50
0.98
278
일본부동산
30
0.88
156
일본비즈니스호텔
40
0.64
309
일본비지니스호텔
20
0.89
94
일본숙박
30
0.96
502
일본숙박예약
50
0.91
214
일본숙소
10
0.99
0
일본숙소예약
20
0.78
97
일본술
10
0.92
0
일본시코쿠
30
0.42
0
일본신혼여행
40
0.94
497
일본싸게가는법
20
0.99
248
일본아오모리
20
0.93
202
일본에어텔
20
0.95
511
일본여관
20
0.87
186
일본여행
10
0.98
206
일본여행경비
30
0.94
343
일본여행기
30
0.93
261
일본여행싸게가는법
20
0.45
539
일본여행일정
30
0.99
135
일본여행정보
30
0.98
494
일본여행준비물
20
0.93
0
일본여행지
10
0.94
138
일본여행지추천
20
0.89
0
일본여행코스
20
0.88
343
일본여행패키지
20
0.95
196
일본여행호텔
30
0.87
274
일본여행후기
20
0.92
283
일본오사카호텔
30
0.91
150
일본오카야마
10
0.88
0
일본오키나와
20
0.76
215
일본온천여행
10
0.96
350
일본온천여행비용
20
0.96
136
일본유스호스텔
20
0.89
81
일본유학생
10
0.94
519
일본자유여행
10
0.85
662
일본전통여관
10
0.58
0
일본직수입캐릭터
20
1
119
일본큐슈
10
0.98
531
일본테마여행
10
0.84
225
일본투어
20
0.61
280
일본특급호텔
20
0.93
499
일본패키지
10
0.9
1304
일본하숙
20
0.92
257
일본한국인민박
20
0.89
0
일본한인민박
10
0.86
358
일본할인호텔
20
0.85
164
일본허니문
10
0
0
일본헤어스타일
20
0.93
364
일본호텔
10
0.77
98
일본호텔가격
10
0.71
0
일본호텔예약
10
0.86
0
일본호텔예약사이트
10
0.86
605
일본호텔정보
10
0.8
69
일본호텔추천
10
0.87
241
일본호텔패키지
10
0.97
242
일본호텔할인
20
0.78
0
일본호텔할인예약
10
0.87
177
일본혼자여행
10
0.86
0
일본홈스테이
20
0.96
319
일본후쿠오카
20
0.97
287
일본후쿠오카여행
10
0.83
0
일본훼리
10
0.46
0
일산레지던스호텔
10
0.84
186
일산모텔
10
0.61
0
일산무인모텔
10
0.76
0
일산비지니스호텔
10
0.89
105
일산숙박
10
0.37
0
일산숙소
1900
0.82
409
일산테마모텔
12100
0.03
52
일산하숙
880
0.02
0
일산호텔
320
0.04
624
일출봉관광호텔
1900
0
0
임패리얼팰리스호텔
1300
0
3
임페리얼
590
0
0
임페리얼리조트
3600
0
0
임페리얼팰리스
170
0.7
71
임페리얼팰리스세부리조트
210
0.18
2970
임페리얼팰리스호텔
1300
0
0
임페리얼호텔
140
0.01
0
임피리얼팰리스
210
0.03
0
입국신고서
140
0.2
94
입시사이트
0
0
0
잉거솔
170
0.29
0
잉카
50
0
0
자그레브
30
0.63
0
자그레브호텔
110
0.35
14
자르디인팰리스
30
0.49
0
자바
50
0.56
183
자석팔지
30
0.06
0
자연향기펜션
70
0.14
0
자연휴양림팬션
50
0.53
66
자연휴양림펜션
20
0
0
자이
20
0.03
0
자이푸르
10
0.78
113
자인호텔
20
0
0
자카르타
20
0.11
0
자카르타골프
20
0.02
0
자카르타공항
20
0.23
21
자카르타관광
1600
0
213
자카르타여행
1900
0.21
165
자카르타항공
2400
0.29
58
자카르타호텔
590
0.94
294
작은프랑스호텔
880
0.24
503
잔디키우기
2400
0.04
87
잘츠부르크
480
0.66
126
잘츠부르크숙소
390
0.65
234
잘츠부르크호텔
1600
0.06
320
잠비아
2400
0.16
160
잠실고시텔
390
0.69
351
잠실관광호텔
590
0.63
180
잠실레이크팰리스
390
0.87
270
잠실롯데월드호텔
590
0.2
359
잠실롯데호텔
720
0.17
100
잠실롯데호텔예약
880
0.4
65
잠실리빙텔
140
0.25
3
잠실호텔
390
0.03
0
장
880
0.14
373
장가계숙박
210
0.31
77
장기투숙
210
0.46
215
장명소
210
0.04
0
장인정신
720
0.11
0
재즈마을
170
0.67
46
잭슨
260
0.37
80
잭슨빌
170
0.03
0
저렴한호텔
210
0.1
0
전라남도숙박
480
0
958
전라남도여행
90
0.1
0
전라남도호텔
170
0.03
0
전라북도여행
110
0.07
0
전세계호텔예약
170
0.01
0
전주가볼만한곳
140
0.54
43
전주관광호텔
110
0.15
0
전주리베라호텔
50
0.92
290
전주모텔
210
0.26
90
전주민박
320
0.01
0
전주숙박
140
0.45
455
전주여행
110
0.43
251
전주코아리베라호텔
30
0.75
754
전주호텔
170
0.16
5
점
50
0.8
25
정동진기차여행
50
0.69
343
정선군숙박
140
0.02
0
정선민박
70
0.93
310
정선숙박
90
0.2
81
정선숙소
170
0.1
176
정선여행
70
0.94
299
정선오일장
70
0.3
0
정선호텔
140
0.02
0
정제기
210
0.22
40
정제기필터
90
0.23
0
제냐
90
0.23
556
제너시스템즈
70
0.32
0
제네바
90
0.02
16
제네바호텔
170
0
0
제니스호텔
110
0
0
제니아
70
0.46
0
제다
20
0.22
0
제부도모텔
110
0.01
0
제부도물때
50
0.29
0
제부도스파펜션
70
0.05
0
제부도팬션
90
0.01
0
제부도펜션
40
0.01
0
제스처
70
0.36
3
제우메스호텔
70
0.51
9
제이레지던스
40
0.63
0
제이스
40
0.48
3
제이스호텔
40
0
0
제일우드
70
0
0
제주
70
0
0
제주1박2일여행
70
0.01
0
제주가볼만한곳
50
0
0
제주가족여행
0
0
0
제주게스트하우스
210
0.35
94
제주관광정보
30
0.17
0
제주관광호텔
0
0
0
제주그랑빌펜션
20
0
0
제주그랜드
10
0.53
0
제주그랜드호텔
10
0.73
356
제주그린관광호텔
30
0
0
제주뉴크라운관광호텔
40
0
0
제주뉴크라운호텔
30
0.36
0
제주더호텔
20
0.32
166
제주도
20
0
0
제주도1박2일여행
30
0.11
0
제주도5성급호텔
20
0
0
제주도가볼만한곳
20
0.65
955
제주도가족여행
10
0
0
제주도게스트하우스
20
0.13
0
제주도고급팬션
10
0.42
103
제주도고급펜션
30
0.12
3
제주도골프여행
20
0.02
0
제주도공항펜션
0
0
0
제주도관광정보
20
0
0
제주도관광호텔
10
0
0
제주도국내여행
0
0
0
제주도그랜드호텔
10
0.19
0
제주도단체숙소
0
0
0
제주도독채펜션
0
0
0
제주도라마다호텔
10
0
0
제주도럭셔리팬션
0
0
0
제주도럭셔리펜션
10
0
0
제주도럭셔리호텔
10
0
0
제주도로얄호텔
10
0
0
제주도롯데호텔
20
0.29
543
제주도리조트
0
0
0
제주도리조트예약
10
0
0
제주도명소
10
0.55
0
제주도모텔
0
0
0
제주도민박
0
0
0
[출처]
싱가폴호텔==== 호텔 그랜드 챈슬러 - 타워 블록 (Hotel Grand Chancellor - Tower Block) 3 Belilios Road, 리틀 인디아, 싱가포르 219924 (지도 보기
|
작성자
with4534