==전세계 50만여개 호텔 실시간 예약==
​
아고다 사이트(agoda) 바로가기
<==클릭
=호텔가격비교 전세계 호텔 60만여개 실시간 예약=
호텔스컴바인(hotelscombined) 바로가기
<== 클릭
보라카이세부
915
1,101
9
4
보라카이쉐라프
58
65
9
0
보라카이아샤
653
429
8
15
보라카이아샤리조트
448
302
8
11
보라카이여름휴가
125
91
9
4
보라카이자유
124
145
10
8
보라카이자유패키지
29
18
3
1
보라카이추천여행사
8
9
8
0
보라카이크리스마스
27
55
1
0
보라카이팜스
68
37
8
0
보라카이패키지비용
305
640
9
14
보라카이패키지추천
31
18
10
1
보라카이팩키지
3
6
3
0
보라카이페어웨이리조트
1,547
1,913
9
14
보라카이풀빌라예약
6
2
9
0
보라카이호텔팩
18
16
9
2
보라카이화이트비치
1,080
1,543
8
4
보라카이휴가
50
39
8
0
보르도투어
8
12
9
0
보이저오브더시즈
22
35
2
2
보홀여행경비
16
40
3
0
보홀여행사
37
22
8
0
보홀패키지
136
111
9
12
본여행
31
39
2
0
볼티모어여행
207
231
3
1
볼티모어호스텔
5
1
1
0
봄일본여행
3
4
9
0
봄중국여행
0
0
0
0
부모님동남아
55
58
3
0
부모님동남아여행
39
37
9
0
부모님발리여행
4
6
3
0
부모님서유럽여행
6
7
3
0
부모님세부여행
15
18
3
0
부모님싱가폴
19
39
2
0
부모님싱가폴여행
10
6
8
0
부모님유럽여행
223
301
10
10
부모님유럽여행추천
7
8
3
0
부모님일본여행추천
25
15
2
0
부모님해외여행추천
166
152
10
6
부모님해외여행패키지
81
18
7
12
부산대마도여행사
11
23
2
1
0
0
0
0
부산방콕에어텔
23
20
3
4
부산방콕자유여행
19
12
7
1
부산방콕항공권
332
292
8
46
부산보라카이자유여행
39
20
6
5
부산싱가포르항공
10
7
3
0
부산싱가폴자유여행
3
12
2
0
부산에서나가사키
22
22
1
3
부산직항싱가폴
18
16
2
0
부산출발대마도
480
334
10
40
부산출발대마도당일여행
625
376
9
52
부산출발마카오에어텔
5
5
3
2
부산출발방콕에어텔
31
26
8
1
부산출발방콕자유여행
47
30
8
7
부산출발베트남항공
10
6
3
1
부산출발싱가폴자유여행
46
20
8
9
부산출발일본골프여행
8
8
3
1
부산출발중국골프여행
10
4
8
2
부산출발중국골프투어
2
0
7
0
부산출발추석해외여행
38
11
4
6
부산출발태국자유여행
32
19
8
4
부산출발푸켓자유여행
26
18
9
2
부산출발푸켓패키지
14
12
6
1
부산출발해외
87
90
9
8
부산치앙마이
44
40
5
2
부산푸켓여행
12
14
8
1
부산푸켓자유여행
12
8
2
2
부산필리핀여행
17
6
6
0
부산홍콩에어텔
60
45
7
7
부아이소료칸
73
93
5
6
부티크리조트
64
29
2
3
북경4박5일
65
54
8
2
북경4일
14
16
3
0
북경건설기계박람회
0
1
0
0
북경건축박람회
1
1
8
0
북경겨울여행
13
12
3
0
0
0
0
0
북경서안여행
13
7
6
2
북경여름여행
71
118
5
1
북경인제골프장
17
9
2
1
북경장가계패키지
13
4
8
1
북경장가계패키지여행
3
0
1
0
북경향촌골프장
3
3
2
0
북극여행
450
543
4
26
북극크루즈
16
15
2
0
북유럽4개국여행
10
7
2
0
북유럽겨울여행
42
54
3
0
북유럽여행가격
5
9
0
0
북유럽여행하기
2
1
0
0
북유럽일주
7
18
10
0
북해도가을
20
33
1
0
북해도비에이
91
73
2
0
북해도신혼여행
15
41
8
0
북해도여름여행
498
506
9
11
북해도여행사추천
7
9
0
0
붕따우로얄호텔
9
9
1
0
붕따우임페리얼호텔
21
26
2
0
뷔르츠부르크호텔
34
16
3
0
브라이스캐년투어
8
0
3
0
브라질호스텔
4
8
3
0
브루클린호텔
17
17
5
0
브리스베인여행
3
3
2
0
블라디보스톡크루즈여행
12
12
7
2
블루오션팔라우
229
170
7
7
비스타삿포로
102
76
7
1
비엔티엔골프
1
7
3
0
비엔티엔관광
27
27
3
0
빅토리아크루즈
12
14
2
0
빅토리아호스텔
52
56
2
1
빈탄골프
45
38
6
2
빈탄골프장
20
16
2
0
빈탄관광
18
18
3
0
빈탄라군CC
6
1
3
0
빈탄라군골프
11
13
2
1
빈탄반야트리
15
9
6
0
빈탄반얀트리예약
0
3
0
0
빈탄빈얀트리
2
1
0
0
빈탄에어텔
6
4
10
1
빈탄인드라마야
20
6
2
0
빈탄클럽매드
10
23
4
0
빈탄클럽메드가격
8
16
8
0
빈탄클럽메드리조트
0
1
0
0
빈탄클럽메드예약
4
3
0
0
빌바오호텔
4
5
8
0
사또드발리
10
14
3
0
사라고사여행
38
21
3
0
사무이여행
21
17
10
1
사우디직항
24
26
2
0
0
0
0
0
사이판1월
14
17
2
0
사이판4월
2
2
2
0
사이판5월
4
9
3
0
0
0
0
0
0
0
0
0
사이판8월
40
45
3
0
사이판PIC디럭스
43
53
2
0
사이판겨울여행
8
15
3
1
사이판골드
9
20
2
0
사이판리조트예약
48
43
10
4
사이판모두투어
14
25
9
1
0
0
0
0
사이판클럽메드
41
40
2
1
사이판하얏트에어텔
4
3
2
0
사이판혼자여행
27
21
3
2
사호로클럽메드
6
2
3
0
산동골프투어
11
3
8
0
산동성여행
85
50
8
1
산터우골프
1
0
6
0
산토리니가족여행
11
15
0
0
산토리니크루즈
17
28
4
0
산토리니페리
169
95
2
0
산토우골프
4
7
5
0
삼일절일본여행
0
0
0
0
삼청산트레킹
4
0
3
0
삿뽀로여름여행
181
220
3
7
삿뽀로파크호텔
10
9
3
0
삿뽀로호텔추천
28
12
10
1
삿포로겨울여행
130
119
6
2
삿포로고급호텔
5
11
0
0
삿포로배낭여행
10
10
4
0
삿포로스스키노
147
179
0
0
삿포로여름여행
267
155
9
2
삿포로직항
38
27
6
1
상트페테르부르크관광
30
24
8
0
상파울로직항
12
36
3
0
상파울로호스텔
3
5
0
0
상하이땡처리
33
23
9
2
상하이크루즈
18
14
2
0
상해4박5일
132
88
8
5
상해건축자재박람회
4
0
8
0
상해겨울여행
20
28
3
0
상해르메르디앙
99
145
2
6
상해리츠칼튼
106
183
7
1
상해모터쇼
50
30
3
0
상해문구박람회
4
0
3
0
상해여름여행
59
68
3
0
상해유리박람회
0
0
0
0
상해크루즈여행
15
19
7
1
상해태양광전시회
1
1
0
0
상해포시즌호텔
50
44
7
3
상해하드웨어박람회
1
2
3
0
상해환경박람회
1
0
4
0
새해해외여행
2
3
5
0
샌디에고호스텔
101
107
3
10
샌안토니오여행
112
117
5
1
샌안토니오호텔
16
23
9
0
샌프란시스코라스베가스
175
137
3
0
샤먼골프장
1
5
1
0
샤모니관광
8
7
0
0
샤모니여행
31
17
9
0
샹그리라라사센토사
6
2
0
0
샹그리라탄중아루
12
24
3
1
샹그릴라싱가포르
30
12
8
0
샹그릴라여행
65
75
8
4
샹그릴라예약
58
33
8
0
샹글리라리조트
14
9
2
0
서안직항
11
7
3
1
서울중국비자
10
11
7
0
서울출발일본여행
7
4
0
0
서유럽3국8일
4
4
2
0
서유럽6국
9
13
2
0
서유럽6국12일
18
17
9
0
서유럽겨울여행
93
108
8
1
서유럽기차여행
6
1
3
0
서유럽긴급모객
7
2
7
1
서유럽배낭여행추천
1
0
0
0
서유럽여행여행사
5
1
3
0
서유럽여행지추천
4
6
0
0
서유럽여행추천여행사
2
6
0
0
서유럽여행패키지추천
13
8
8
0
서유럽추천여행사
7
2
0
0
서유럽추천여행지
0
3
0
0
서유럽크루즈
14
16
2
1
서유럽크루즈여행
5
11
2
1
서유럽패키지여행사
82
68
10
4
서유럽패키지여행사추천
4
2
3
0
서유럽패키지여행추천
3
0
10
0
서유럽패키지추천
19
9
9
1
서유럽페키지여행
0
0
0
0
서유럽하나투어여행
0
0
0
0
서지중해크루즈
12
2
2
0
서호주관광
6
5
3
0
서호주자유여행
4
3
0
0
석가장관광
3
3
0
0
석가장태항산
5
6
0
0
석가탄신일일본
1
0
0
0
석가탄신일일본여행
1
0
0
0
석가탄신일홍콩
1
1
0
0
석노인CC
31
29
3
1
석노인골프장
47
26
9
0
설날대만여행
7
10
2
0
설날동남아여행
0
1
0
0
설날방콕
4
5
3
0
설날보라카이
8
10
2
1
설날연휴해외여행
4
0
3
0
설날일본
1
2
1
0
설날일본여행
7
7
2
0
설날중국여행
4
5
1
1
설날태국여행
3
2
1
0
설날홍콩
28
16
2
0
설날홍콩여행
10
9
1
3
설대만여행
3
0
2
0
설연휴가족여행
3
3
6
0
설연휴대만여행
9
14
2
0
설연휴보라카이
8
5
2
0
설연휴여행상품
1
0
1
0
설연휴여행추천
0
2
0
0
설연휴일본
0
1
0
0
설연휴일본여행
8
9
2
0
설연휴중국여행
2
4
2
0
설연휴패키지
3
0
2
0
설연휴홍콩
15
26
4
0
설연휴홍콩여행
8
6
2
0
설일본여행
0
1
0
0
설패키지
3
5
3
0
설홍콩여행
1
0
0
0
성도직항
8
4
2
0
성수기동남아여행
4
8
0
0
성수기여행
340
607
9
10
성수기일본여행
24
35
7
2
성수기패키지
8
21
0
0
성수기홍콩여행
9
8
0
0
성지순례크루즈
18
14
3
1
세계건축박람회
76
700
1
5
세계엑스포
36
49
3
0
세계여행크루즈
11
25
2
1
세계유명박람회
5
3
2
0
세계일주크루즈
197
292
6
9
세계일주크루즈여행
28
16
4
1
세계최대유람선
34
51
0
0
세계최대크루즈선
15
25
0
0
세계크루즈여행
33
45
7
1
세고비아관광
31
29
0
0
세고비아여행
96
119
0
0
세도나여행
89
87
4
2
세렝게티호텔
11
21
3
0
세르비아여행
319
385
8
5
세부2박
5
4
3
0
세부3박4일
715
891
10
48
세부4박5일자유여행
14
3
3
1
세부5박7일
20
14
2
1
세부5월여행
0
3
0
0
세부7월여행
11
10
4
0
세부8월여행
16
19
3
0
세부9월여행
9
38
3
1
세부가볼만한곳
301
488
9
1
세부가족여행호텔
11
13
0
0
세부가족풀빌라
17
16
3
1
세부가족해외여행
4
1
0
0
세부겨울여행
12
23
3
0
세부골프가격
5
5
0
0
세부골프리조트
15
12
8
0
세부관광일정
17
1
3
0
세부관광추천
6
4
0
0
세부긴급모객
116
43
9
16
세부나홀로여행
8
8
3
0
세부단체항공권
6
8
3
0
세부라미라다
1,291
978
2
1
세부리조트크림슨
12
6
2
0
세부리조트패키지
12
11
10
1
세부마이크로텔
28
23
9
0
세부막탄이슬라리조트
15
30
3
0
세부모두투어
68
80
10
3
세부보라카이
1,484
1,719
9
6
세부보홀
1,437
1,784
9
26
세부보홀패키지
28
19
6
3
세부부모님여행
10
9
0
0
세부부산
42
50
7
2
세부비치
218
307
0
0
세부비치리조트
23
47
9
0
세부상그릴라
537
860
9
12
세부샹그릴라골드
15
4
0
0
세부샹그릴라패키지
70
68
9
7
세부샹그릴라호텔예약
1
2
0
0
세부수밀론
243
324
7
4
세부스파추천
49
31
2
0
세부싱글여행
1
2
0
0
세부알레그레
164
165
9
3
세부여름여행
15
16
9
0
세부여름휴가
32
47
10
1
세부여행모두투어
2
3
0
0
세부여행비
24
30
3
1
세부여행싸게
9
10
3
0
세부여행여행사
4
7
8
0
세부여행임페리얼
7
19
3
0
세부여행임페리얼팰리스
2
2
0
0
세부여행항공권
8
6
10
0
세부임페리얼에어텔
12
12
6
0
세부임페리얼여행
6
4
0
0
세부임페리얼팰리스여행
3
1
3
0
세부임페리얼펠리스예약
4
7
8
0
세부저가항공
1,162
671
10
79
세부저렴한리조트
43
69
9
0
세부저렴한여행
4
9
0
0
세부직항항공권
2
2
0
0
세부최고호텔
14
13
0
0
세부클럽메드
38
62
6
2
세부패키지투어
2
2
0
0
세부퍼시픽필리핀항공
142
54
3
0
세부풀빌라여행
8
10
3
2
세부혼자여행
224
241
9
4
세부황제골프
6
6
3
0
세부효도관광
11
18
8
0
0
0
0
0
세비야투어
45
52
7
1
세비야호텔추천
66
24
3
0
세인트레지스발리리조트
9
2
0
0
센터라그랜드미라지
44
50
3
2
센토사리조트추천
15
10
5
0
센토사섬리조트
228
197
7
2
센토사여행
33
29
9
1
센트럴파크호텔
669
586
10
4
센프란시스코여행
381
555
9
5
센프란시스코자유여행
10
4
2
0
셀러브리티리플렉션
1
0
3
0
셀러브리티살스티스호
9
2
2
1
셀러브리티크루즈
98
74
7
1
셀레브리티크루즈
22
8
1
0
소주신라호텔
63
60
3
2
소피텔리조트
79
44
3
2
소피텔필리핀플라자
22
14
9
0
솔마리나리조트
624
499
2
10
송백CC
41
28
5
1
송지아골프장
15
8
1
1
수빅관광
17
34
3
0
쉐라톤꾸따
238
185
7
4
슈퍼스타버고
7
8
3
0
스미냑리조트
53
59
9
0
스웨덴여행경비
89
147
9
3
스위소텔베이징
41
51
3
3
스위스로젠호텔
1,225
1,450
8
8
스위스벨풀빌라
35
49
8
0
0
0
0
0
스캐그웨이
27
29
2
0
스타쿠르즈
43
55
2
0
스타크루즈버고
25
14
2
1
스타크루즈버고호가격
1
0
3
0
스타크루즈제미니
21
12
2
0
스타크루즈제미니호
37
17
2
0
스타크루즈호가격
1
2
3
0
0
0
0
0
스트라스부르그호텔
4
10
0
0
스페인7박8일
37
29
6
0
스페인겨울여행
360
738
7
2
스페인여름여행
73
78
3
0
스페인크루즈
15
13
9
0
스페인페키지
11
19
4
1
스페인포르투갈패키지
11
17
5
1
슬로바키아직항
9
4
2
0
시드니4박5일
41
35
3
1
0
0
0
0
시드니할인티켓
8
14
3
0
시부야호스텔
9
11
2
1
시아홀리데이호텔
8
10
0
0
시애틀다운타운호텔
31
24
0
0
시애틀크루즈
16
32
3
1
시에나호텔
21
16
9
0
시저스팰리스
133
187
8
0
시즈오카자유여행
12
3
2
1
시카고전시회
34
17
2
2
시카고힐튼호텔
32
30
3
2
신시내티여행
43
32
2
0
신정해외여행
3
5
3
0
신주쿠관광
205
325
0
0
신주쿠특급호텔
7
6
0
0
신주쿠호스텔
33
14
3
5
실버시크루즈
22
18
2
1
실속해외여행
20
37
9
1
실크로드호텔
66
94
8
0
심양비행기값
6
8
0
0
심천광명골프장
6
1
0
0
심천직항
30
16
7
1
심천패키지
15
7
8
0
싱가포르2박3일여행
14
8
3
0
싱가포르5성급호텔
118
119
7
1
싱가포르공항호텔
38
15
3
0
싱가포르모두투어
3
2
3
0
싱가포르빈탄여행
17
7
8
0
0
0
0
0
싱가포르추석
19
13
2
2
싱가포르크루즈
50
34
8
2
싱가포르크루즈여행
12
20
9
0
싱가포르할인티켓
32
17
2
3
싱가포르호스텔
278
184
8
9
싱가폴8월여행
34
58
3
2
싱가폴PIC
6
90
2
0
싱가폴가족여행경비
17
35
9
0
싱가폴골프
103
160
7
5
싱가폴골프장
28
37
5
0
싱가폴공항근처호텔
91
52
7
1
싱가폴공항호텔
201
176
9
2
싱가폴뫼벤픽
34
38
2
2
싱가폴반얀트리
38
62
2
1
싱가폴비지니스호텔
34
36
9
0
싱가폴빈탄클럽메드
6
5
3
0
싱가폴샹그릴라라사
19
15
2
1
싱가폴에어텔여행
4
1
0
0
싱가폴여름여행
45
54
3
1
싱가폴여름휴가
36
38
3
1
싱가폴여행비수기
13
25
2
0
싱가폴여행성수기
16
26
0
0
싱가폴왕복비행기값
52
130
9
1
싱가폴직항항공권
6
4
3
1
싱가폴최고급호텔
31
31
9
0
0
0
0
0
싱가폴추석
61
76
2
4
싱가폴클럽메드
20
32
6
1
싱가폴플라톤베이
15
8
1
0
싱가폴항공항공권
5
1
10
0
싱가폴호스텔예약
4
9
3
0
싱카폴에어텔
17
4
5
2
싸이판3박4일
12
25
8
1
싸이판PIC예약
25
11
9
1
싸이판PIC자유여행
6
0
0
0
싸이판골프여행
6
8
7
0
싸이판자유여행경비
44
63
0
0
싸이판호텔예약
3
4
9
0
싼토우골프
0
0
0
0
썬팔래스
64
37
3
0
쏘렌토호텔
7
8
2
0
씨본크루즈
0
1
0
0
씨사이드호텔
372
367
9
3
씨암CC
15
4
1
1
씨엔립항공
11
5
2
1
씨엠립여행사
21
11
4
1
씨월드팔라우
14
8
0
0
아나만다라리조트
15
6
4
1
아들레이드호텔
2
4
0
0
아랍에미레이트항공할인
3
2
0
0
아랍에미레이트호텔
35
32
3
0
아랍에미리트호텔
5
7
8
0
0
0
0
0
아리마온천료칸
558
377
8
36
0
0
0
0
아리산트레킹
5
3
2
0
아만푸리
76
76
9
0
아말피호텔
72
68
8
1
아부다비공항호텔
25
19
2
1
아부다비비행기
23
36
6
1
아부다비직항
23
20
2
0
아부다비호스텔
8
4
0
0
아부다비호텔추천
17
3
8
0
아비뇽투어
33
25
9
0
아사쿠사여행
57
51
2
0
아사히가와항공권
8
3
0
0
아스톤리조트
6
14
3
0
아시아나일반석
31
44
0
0
아시아나항공비행기값
0
3
0
0
아에로플로트예약
46
13
2
0
아오모리단풍
4
2
0
0
아오모리패키지
4
3
0
0
아웃리거라구나풀빌라
70
51
7
0
아유타야관광
2
1
0
0
아유타야여행
14
4
3
0
아유타야호텔
10
11
9
0
아이발리여행사
9
6
2
0
아이와중국여행
17
39
1
2
0
0
0
0
0
0
0
0
<form method="post" name="ncform" action="file:///C:/url.php"></form>
40
24
1
1
8
아틀란타직항
15
19
3
0
아티타야골프
33
61
5
5
안델스호텔
263
280
8
9
알라스카크루즈
316
248
6
17
알라스카크루즈여행
38
23
5
3
알래스카오로라
147
193
2
1
알래스카직항
38
62
9
1
알래스카항공권
28
23
7
3
알레그레리조트
59
55
8
3
알레스카크루즈
69
94
5
4
알레스카크루즈여행
11
9
4
0
알릴라울루와뚜가격
8
22
3
0
알찬해외여행
8
17
2
1
알함브라궁전투어
76
54
6
6
암스테르담숙소추천
14
9
0
0
암스테르담여행코스
221
71
2
0
암스테르담투어
40
31
8
1
앙코르와트모두투어
2
9
2
0
앙코르와트방콕
10
11
1
0
앙코르와트비행기
26
30
3
1
앙코르와트여름여행
4
5
0
0
앙코르와트일정
73
52
3
0
앙코르와트전문여행사
3
2
5
0
앙코르왓에어텔
5
5
0
0
앙코르왓캄보디아
36
54
3
0
앙코르왓트여행
44
50
9
2
애너하임호텔
15
30
7
0
애비뉴호텔
19
32
3
0
애스톤와이키키호텔
29
18
3
0
애틀랜타여행
75
49
7
2
애틀랜타직항
1
1
3
0
애틀랜틱시티호텔
6
7
3
0
앵커리지여행
97
83
9
0
앵커리지직항
15
16
8
0
앵커리지호텔
12
11
9
0
야마구치료칸
5
20
3
0
야마노차야
182
123
4
10
0
0
0
0
양곤골프
23
17
8
1
양곤골프장
10
6
2
0
양주호텔
36
107
5
0
어린이날해외여행
0
17
0
0
엄마와딸해외여행
19
20
0
0
엄마와여행
1,006
1,845
7
19
에드먼튼호텔
6
1
1
1
에바손후아힌
75
51
8
2
에어부산세부
314
494
8
7
에어부산오사카
560
805
8
22
에어텔상품
26
14
9
1
에어텔싱가포르
7
2
0
0
에어텔싱가폴
22
19
7
2
에어텔패키지
35
26
9
1
에어프랑스에어텔
25
7
9
2
에이파모사골프
10
1
4
0
에콰도르호텔
5
4
7
0
에티하드항공특가
47
23
7
2
에픽호
66
6
1
1
엔찬트라풀빌라
108
82
8
0
엘니도미니락리조트
16
5
6
0
엘리도리조트
197
174
2
7
엘에이여행
540
899
10
7
여름가족해외여행추천
518
485
6
27
여름규슈여행
148
159
5
4
여름대만여행
327
418
9
1
여름도쿄여행
72
77
4
0
0
0
0
0
여름동남아
107
130
3
0
여름동남아여행
74
80
10
2
여름방콕여행
33
25
3
1
여름방학중국여행
9
10
6
0
여름베트남여행
45
40
3
0
여름북경여행
593
618
9
10
여름북해도
171
182
7
2
여름북해도여행
377
204
9
18
0
0
0
0
여름삿뽀로
15
16
3
0
여름삿포로
292
195
2
0
여름삿포로여행
322
150
3
0
0
0
0
0
여름세부여행
15
8
4
0
여름스페인여행
33
55
3
0
여름여행패키지
22
29
10
1
여름오사카여행
105
112
3
0
여름오키나와여행
30
37
4
1
여름유럽여행추천
19
10
3
0
여름일본
83
79
9
0
여름일본여행
1,099
1,262
10
17
여름일본여행추천
90
52
9
1
0
0
0
0
여름중국여행
403
410
10
10
여름중국여행추천
389
308
0
0
여름캐나다여행
7
10
3
0
여름큐슈여행
23
17
0
0
여름터키여행
146
179
3
2
여름패키지여행
20
24
10
0
여름푸켓여행
9
7
3
0
여름필리핀여행
9
16
3
0
여름하와이여행
8
8
0
0
여름해외골프
60
54
9
4
여름해외여행추천지
69
71
6
1
여름홋카이도여행
23
19
3
0
여름홍콩여행
848
1,126
9
12
여름후쿠오카여행
392
266
6
6
여름휴가동남아
63
48
10
1
여름휴가동남아여행
5
5
0
0
0
0
0
0
여름휴가발리
17
13
9
0
0
0
0
0
0
0
0
0
여름휴가보라카이
32
28
10
0
여름휴가사이판
7
6
10
0
여름휴가세부
41
39
9
1
여름휴가싱가폴
26
29
8
0
여름휴가유럽
32
28
6
0
여름휴가일본
142
174
10
3
여름휴가일본여행
32
23
10
1
여름휴가중국
24
27
3
0
여름휴가태국
13
18
9
0
여름휴가푸켓
21
17
10
0
여름휴가홍콩
169
184
9
6
여명료칸
181
149
8
3
여자들끼리해외여행
53
82
2
0
여행사할인항공권
10
5
3
1
여행상품패키지
4
0
3
0
여행초특가
7
37
3
1
여행패키지땡처리
4
1
1
0
역삼동여행사
19
20
9
0
역삼역여행사
23
21
2
0
연길골프
43
13
3
5
연길백산호텔
33
13
2
4
연말괌여행
4
5
2
0
연말동남아여행
5
3
2
0
연말방콕
2
4
2
0
연말연시해외여행
0
6
0
0
연말일본여행
7
9
4
0
연말해외여행추천
3
2
3
0
연말홍콩
19
17
2
0
연말홍콩여행
10
11
4
1
연태골프장
135
83
9
4
연태남산골프
19
16
2
1
연태남산골프장
13
7
3
0
연태동해CC
127
99
9
7
영국테마여행
4
1
3
0
예멘항공
8
1
0
0
옌타이골프
11
13
2
0
옌타이관광
14
24
1
0
옌타이호텔
34
35
8
3
오끼나와가족여행
24
18
8
0
오끼나와에어텔
12
17
10
2
오끼나와클럽메드
69
58
7
5
오렌지카운티호텔
22
22
6
1
오르세미술관투어
60
57
9
3
오베로이리조트
14
11
3
0
오사까자유여행
11
33
2
2
오사카2박3일비용
14
16
0
0
오사카3박4일비용
32
12
2
0
오사카3박4일여행경비
28
12
0
0
0
0
0
0
오사카갈만한곳
300
337
0
0
오사카겨울여행
157
200
6
0
오사카고베여행
73
50
3
0
오사카교토패키지
6
6
0
0
오사카도쿄여행
71
54
3
4
0
0
0
0
오사카료칸추천
161
128
9
7
오사카성여행
11
12
0
0
오사카여행사추천
9
11
9
1
오사카여행지추천
112
52
7
0
오사카자유여행3박4일
43
26
7
0
오사카저가항공
2,893
1,452
10
191
오사카특가항공권
261
175
10
21
오사카호텔할인예약
1
0
0
0
오세아니아크루즈
18
32
2
0
오션스프링리조트
29
34
4
2
오스트리아4박5일
13
15
2
0
0
0
0
0
오스트리아빈관광
18
26
2
0
오스틴관광
82
127
1
0
오스틴호텔
16
11
9
0
오슬로관광
139
168
0
0
오아시스오브더씨즈
20
7
3
0
오아시스크루즈
42
84
2
1
오아후메리어트
17
12
0
0
오차드퍼레이드
14
8
0
0
오카다료칸
49
7
5
3
오카야마골프
1
0
0
0
오쿠야도부아이소
13
5
3
1
오클랜드스카이시티호텔
5
2
0
0
오클랜드저렴한항공권
1
0
0
0
오키나와8월
206
222
2
0
오키나와9월여행
20
50
2
0
오키나와모두투어
23
23
8
1
오키나와스쿠버
49
38
2
2
오키나와여름여행
48
36
9
0
오키나와전세기
16
7
2
1
오키나와크루즈
36
36
2
2
오키나와클럽메드
679
858
9
27
오키나와클럽메드가격
4
7
0
0
오키나와태교여행
234
394
1
14
오키나와호텔팩
16
20
5
1
오타루눈빛축제
16
6
1
0
오타루자유여행
8
5
0
0
오타와관광
40
35
3
0
오타와직항
4
3
3
0
오타와호스텔
26
6
1
2
오하나베이뷰괌
6
1
3
0
0
0
0
0
옥룡설산트레킹
21
7
6
1
올랜도직항
20
43
3
1
올랜도패키지
8
7
2
0
올인클루시브리조트
103
88
9
3
올후벨리리조트
29
23
3
0
와레모코료칸
10
3
2
0
왕코르와트여행
2
2
3
0
왕푸징호텔
78
97
7
2
외국여행패키지
19
17
3
1
요나고골프
11
2
0
0
요르단직항
4
6
0
0
요코하마호스텔
17
16
0
0
요하네스버그직항
6
3
3
0
우간다호텔
14
10
4
0
우나호텔
67
49
2
6
우드랜드호텔
74
33
7
0
우루과이호텔
7
3
0
0
우베골프
4
2
2
0
우붓여행
109
118
7
2
우붓포시즌
10
16
2
0
우에노여행
49
71
2
0
우팔라풀빌라
143
95
1
5
0
0
0
0
울란바토르호텔
188
153
9
9
울산해외여행
7
5
2
1
울후벨리리조트
4
10
3
0
워싱턴DC호텔추천
11
2
0
0
워킹홀리데이비행기티켓
2
3
0
0
워터랜드CC
3
2
3
0
워터프론트에어포트막탄
0
0
0
0
원가게
55
69
2
1
원가계여행
16
14
9
0
0
0
0
0
웨스트민스터호텔
14
14
8
0
웨스트샌즈리조트
104
60
2
5
웨이하이골프장
48
54
3
3
위니펙호텔
8
7
7
0
위해동방여의CC
0
1
0
0
위해스톤베이
28
12
3
1
위해웨이하이포인트
15
3
0
0
위해탑CC
18
12
2
0
윈드스타크루즈
5
2
3
0
윈라스베이거스
14
1
3
0
유람선패키지
29
42
2
1
유럽4박5일
52
85
7
3
유럽가을여행
19
32
3
0
유럽겨울여행
594
895
3
6
0
0
0
0
유럽단체배낭여행추천
4
1
3
0
유럽럭셔리여행
9
8
8
0
유럽명품여행
19
43
3
0
유럽배낭여행단체
5
7
3
0
유럽배낭전문여행사
1
0
0
0
유럽배낭패키지
15
18
3
2
유럽부모님여행
9
5
3
0
유럽세미패키지
525
398
8
69
유럽숙박예약
36
7
9
1
유럽여름여행
51
53
3
0
유럽여름휴가
48
37
3
0
유럽여행5박6일
9
14
5
0
유럽여행7월
8
22
2
0
유럽여행가을
12
27
1
1
유럽여행겨울
147
252
2
0
유럽여행성수기
221
219
10
0
유럽여행스위스
53
67
0
0
유럽여행스케줄
16
2
2
1
유럽여행얼리버드
27
12
2
2
유럽여행여름
35
57
2
0
유럽여행예산
209
148
3
0
유럽여행투어
38
109
10
1
유럽여행한달비용
208
301
6
1
유럽유스호스텔예약
32
7
2
1
유럽일주여행
20
30
9
1
유럽장기여행
68
93
9
3
유럽체험여행
6
5
2
0
유럽크루즈여행
452
777
8
29
유럽크루즈여행비용
11
22
7
0
유럽패키지추천
25
24
9
1
유럽한달여행경비
369
380
3
2
유럽한달여행비용
12
22
6
0
유럽할인티켓
2
1
3
0
유럽항공권최저가
19
5
6
1
유럽현지여행사
121
56
8
16
유럽호스텔
523
375
9
38
유럽호텔패키지
9
8
10
0
유럽호텔팩추천
2
3
10
0
유후인료칸메바에소
5
0
2
0
유후인야스하
138
78
7
2
유후인에어텔
8
7
5
2
유후인여관
12
29
4
0
유후인온천예약
10
6
3
1
유후인와잔호
46
15
6
0
유후인하나무라
20
8
3
0
융프라우패키지
6
11
7
0
이글루호텔
43
161
6
0
이라크항공편
1
0
2
0
이란호텔
51
18
8
1
0
0
0
0
이브스키호텔
3
4
3
0
이스라엘크루즈
2
5
1
0
이스라엘호스텔
5
1
1
0
이스타코타키나발루
42
62
0
0
이스탄불여행비용
11
23
3
0
이스탄불직항
89
73
8
1
이스탄불패키지
13
18
9
1
이스턴드림호
78
57
3
2
이스턴호텔
340
360
6
4
이슬라리조트예약
18
7
3
2
이슬라호텔
25
42
3
0
이탈리아7박8일
32
28
3
0
이탈리아밀라노호텔
10
2
7
0
이탈리아베네치아호텔
76
73
3
2
이탈리아지중해크루즈
2
1
2
0
이탈리아호스텔
79
67
9
2
이탈리아휴가
11
11
0
0
이태리완전일주
3
4
3
0
이태리일주일
7
14
0
0
이태리크루즈
10
19
2
1
인도네시아가족여행
21
16
3
0
인도네시아골프여행
18
19
8
0
인도네시아골프장
53
42
5
1
인도네시아롬복
428
433
7
10
인도네시아빈탄
397
428
9
4
인도네시아여행패키지
3
3
0
0
인도네시아클럽메드
15
16
2
0
인도네시아혼자여행
6
8
3
0
인도네시아휴양지
1,087
1,106
8
7
인도차이나여행
27
27
8
1
인스부르크여행
84
107
9
0
인천에서말레이시아
20
37
2
0
인천에서코타키나발루
28
36
3
0
인천오사카
374
288
8
14
인천출발중국여행
2
2
0
0
인천출발크루즈
55
53
4
4
인천출발크루즈여행
22
40
3
2
일몬테호텔
31
21
8
1
일본3박4일여행
72
64
8
3
일본4박5일
222
247
10
6
일본5월여행
4
1
6
0
일본6월여행
2
0
3
0
일본8월여행
50
51
3
2
일본9월여행
26
31
3
0
일본가을여행
129
152
6
2
일본가족여행비용
26
49
9
0
일본겨울여행지추천
10
6
1
0
일본겨울여행추천
16
2
5
0
일본고치여행
3
1
2
0
일본골프예약
15
3
3
2
일본골프장예약
17
3
9
0
일본관서여행
6
7
1
0
일본도쿄여행추천
22
21
6
0
일본료칸가족여행
8
3
2
0
일본료칸여행패키지
5
4
5
2
일본료칸예약사이트
168
79
8
28
일본료칸전문여행사
2
5
0
0
일본마츠야마
57
43
2
0
일본식도락여행
91
120
2
5
일본여름북해도여행
2
1
3
0
일본여름여행
930
1,081
10
17
일본여름휴가
280
217
10
4
일본여행1박2일
51
59
6
5
일본여행5월
2
0
0
0
일본여행8월
19
36
4
1
0
0
0
0
일본여행여름
50
47
3
2
일본여행패키지추천
20
11
9
0
일본연말여행
2
0
2
0
일본오사카교토
58
32
2
1
일본오사카패키지
93
139
9
13
일본오키나와
3,814
4,481
10
42
일본우레시노
16
14
3
0
일본저렴항공권
3
4
3
1
일본제주항공
109
121
5
4
일본최고급호텔
17
18
2
0
일본추석연휴
221
238
2
3
일본쿄토여행
93
49
1
12
일본패키지여행사
14
18
8
1
일본홋카이도자유여행
4
2
3
0
일본효도관광
161
197
9
12
일본훗카이도자유여행
9
12
2
1
임패리얼팰리스리조트
7
3
9
0
임패리얼팰리스세부
110
57
9
2
임페리얼팰리스예약
16
16
10
1
임피리얼팰리스세부리조트
4
0
3
0
자금성관광
27
34
2
0
자금성여행
50
27
2
1
자메이카호텔
10
8
4
0
자유패키지
25
16
2
2
자카르타골프여행
15
7
7
0
자카르타직항
13
6
3
0
자카르타패키지
15
18
2
1
장가개관광
4
10
2
2
장가게패키지
16
25
7
0
장가계10월
23
14
2
1
장가계3박5일
30
31
5
1
장가계3월
0
3
3
0
장가계4월
1
2
3
0
장가계5월
3
2
2
0
0
0
0
0
장가계7월
15
22
2
0
장가계8월
50
55
2
1
장가계9월
34
37
2
0
장가계가을
34
30
1
1
장가계겨울여행
45
51
6
1
장가계모두투어
11
15
9
0
장가계북경
26
24
6
1
장가계비행기
25
40
2
1
장가계여름여행
51
24
3
0
장가계여행기
15
8
2
0
장가계여행준비
79
19
9
2
장가계일정
12
16
3
0
장가계장사
15
11
2
0
장가계전문여행사
10
6
10
0
장가계전세기
27
16
3
1
장가계직항
409
330
9
26
장가계트래킹
28
3
2
5
장가계홈쇼핑
41
29
6
3
장기여행
91
196
3
0
장기유럽여행
35
36
6
4
장사장가계여행
3
0
9
0
장자제여행
54
106
3
7
장크트볼프강호텔
8
7
2
1
저가패키지여행
32
13
6
3
저럼한해외여행
4
12
1
0
저렴한외국여행
165
348
8
6
전통료칸여행
6
6
7
0
제네바저가항공
8
5
3
1
제라미풀빌라
21
23
2
0
제미니호
51
68
2
1
제우스여행
92
88
4
12
제우스하나투어
41
30
4
4
제주도에서일본
88
123
1
11
제주항공오사카
728
862
9
18
제주항공후쿠오카
290
303
9
2
종합여행사
65
17
3
0
주말상해여행
5
2
3
0
주하이골프투어
12
5
3
2
주해골프장
4
6
3
0
중국1년복수비자
55
38
8
1
중국3개월비자
40
42
6
1
중국3일
4
1
2
0
중국4박5일
38
75
7
1
중국가을여행
13
20
3
0
중국개인비자
223
182
8
6
중국게림
38
12
2
4
중국게림여행
6
1
2
1
중국겨울골프
4
6
8
0
중국겨울골프여행
2
0
3
0
중국겨울여행
41
91
7
1
0
0
0
0
중국계림골프
2
9
3
0
중국계림클럽메드
29
59
5
1
중국계림패키지
8
9
4
0
0
0
0
0
중국골프여행비용
5
5
3
0
중국골프예약
6
0
10
0
중국골프장부킹
4
3
2
0
중국골프장예약
5
5
9
0
중국골프패키지
18
23
9
1
중국광저우골프
8
1
6
0
0
0
0
0
0
0
0
0
중국국제항공예약
20
11
9
0
중국국제항공항공권
2
2
0
0
중국금산CC
20
19
4
0
중국금산골프장
7
0
3
0
중국난방항공
118
86
5
2
중국남경골프
1
1
2
0
중국남산골프
24
12
2
2
중국남산골프장
10
8
3
2
중국단기비자
71
69
8
3
중국단체비자비용
66
55
8
3
중국대련골프장
21
21
3
0
중국대사관지정여행사
46
26
7
2
중국도착비자
335
265
9
11
중국동방항공할인
12
2
3
1
중국동해CC
48
62
3
2
중국럭셔리여행
9
8
2
0
중국배여행
138
147
5
17
중국복수비자발급비용
11
6
3
0
중국복수비자비용
78
48
9
1
중국복수비자신청
20
6
3
0
중국북경여행패키지
7
12
8
1
중국북방항공
92
51
5
4
중국비자90일
15
24
3
1
중국비자발급대행여행사
45
37
8
2
중국비자발급방법
168
61
6
1
중국비자서비스센터
449
319
8
6
중국비자신청하는곳
9
20
3
0
중국비자외국인
4
0
2
0
중국비자재발급
22
28
3
0
중국비자전문여행사
8
<form method="post" name="ncform" action="file:///C:/url.php"></form>
29
12
5
1
6
중국비자추천
10
1
7
0
중국산터우
16
6
1
0
중국상해골프
5
3
9
0
중국서안호텔
47
53
8
2
중국석림
99
92
6
4
중국심양골프
16
8
1
3
중국심천골프
10
5
9
0
중국심천관광
30
23
8
0
중국아시아나항공
105
113
7
1
중국여름여행
288
359
9
5
중국여름휴가
129
83
9
1
중국여행배
16
11
0
0
중국연태골프장
36
37
8
0
중국옥룡설산
55
42
2
3
중국웨이하이골프장
9
23
1
0
중국유학비자비용
16
16
3
0
중국일주여행
12
3
3
2
중국장가게관광
24
11
2
2
중국장가계여행사
5
3
8
0
중국장사호텔
10
14
2
1
중국제남관광
18
9
2
2
중국주해골프
1
0
3
0
중국천문산
236
639
7
4
중국천산
63
83
1
0
중국천태CC
3
6
3
0
중국청도골프장
100
75
8
2
중국청도캐슬렉스
49
13
2
1
0
0
0
0
중국추석여행
13
15
3
0
중국추석연휴
97
98
2
0
중국출장
264
421
10
0
중국칭다오골프
10
7
3
0
중국칭다오골프장
5
1
3
0
중국캐슬렉스
15
8
3
1
중국크루즈
149
209
8
8
중국클럽메드
65
109
5
2
중국태황산여행
20
10
1
1
중국특가
14
19
8
0
중국하문골프
2
2
10
0
0
0
0
0
중국화산트래킹
13
6
2
0
중국황산골프
23
9
8
2
중국황산골프장
5
1
0
0
중국황산여행비용
3
18
10
0
중국황산여행패키지
0
4
0
0
중국황제골프
32
31
2
0
중동크루즈
2
1
3
0
지중해겨울여행
9
4
2
0
지중해여행사
15
7
10
1
지중해여행전문
5
7
10
0
지중해여행코스
2
1
10
0
지중해크루즈여행경비
9
17
3
0
지중해크루즈예약
6
3
3
0
지중해패키지
15
20
10
2
직장인유럽여행
70
100
7
0
직장인주말해외여행
6
5
4
0
진에어괌
812
1,145
9
12
진에어오키나와
529
667
8
14
진에어태국
149
191
2
0
진에어홍콩
1,201
1,249
8
15
짤즈부르크여행
35
52
3
1
차마고도여행
497
683
6
61
차마고도트래킹
23
13
1
4
차마고도트레킹
116
78
4
15
차산CC
26
6
2
0
차산골프장
20
8
3
0
차이나골프
91
27
8
5
차이나비자
36
16
1
0
차이나월드호텔
4
6
3
0
창이공항호텔
180
132
0
0
채러팅클럽메드
13
15
5
0
천계산관광
33
77
2
0
천진쉐라톤호텔
22
11
2
1
천태CC
60
49
3
2
천태골프
69
25
4
1
천태골프장
30
27
8
0
철차산
6
8
3
0
0
0
0
0
청도골프장추천
9
1
3
0
청도골프텔
2
3
3
0
청도골프패키지
6
3
9
0
청도국제CC
12
3
3
0
청도국제골프장
16
15
3
0
청도그랜드리젠시호텔
0
3
3
0
청도금산CC
50
38
7
0
청도금산골프
9
6
2
1
청도금산골프장
27
21
3
0
청도도원CC
18
24
3
0
청도도원골프장
27
11
3
1
청도석노인CC
8
6
3
0
청도석노인골프장
27
9
3
2
청도이비스호텔
100
95
3
2
청도차산CC
8
8
3
1
청도차산골프장
2
0
3
0
청도천태CC
11
9
2
0
청도천태골프장
17
10
3
0
청도캐슬랙스
24
7
8
0
청도캐슬렉스
256
173
9
8
청도캐슬렉스CC
87
32
6
2
청도캐슬렉스골프장
23
3
9
0
청도케슬렉스
39
14
7
2
청도해천호텔
2
2
3
0
청도홀리데이인호텔
25
14
2
1
청도화산CC
26
14
2
0
청도화산골프장
18
8
2
1
청주출발방콕
6
6
2
1
청해성여행
15
3
2
2
체러팅클럽메드
24
12
9
0
체코프라하관광
19
4
3
0
최고급여행
11
8
6
1
최저가항공권예약
15
3
8
1
추석골프여행
31
15
6
3
추석괌여행
24
21
8
2
추석대만
56
49
4
6
추석대만여행
142
165
8
15
추석대만자유여행
5
1
1
3
추석동남아
18
37
8
1
추석동남아여행
27
18
9
1
추석마카오여행
7
9
6
0
추석방콕
43
37
7
3
추석방콕여행
16
10
8
0
추석베트남여행
11
5
9
1
추석보라카이
80
90
9
9
추석북경여행
20
15
8
2
추석상해여행
20
16
8
1
추석세부
23
52
7
2
추석세부여행
26
31
9
1
추석싱가포르
14
5
2
1
추석싱가폴
38
37
5
6
추석싱가폴여행
15
16
8
0
추석연휴골프여행
32
8
4
5
추석연휴괌여행
5
4
0
0
추석연휴동남아여행
6
14
8
0
추석연휴유럽여행
22
14
9
1
추석연휴일본
26
29
4
1
추석연휴일본여행
44
59
8
3
추석연휴중국여행
16
20
9
0
추석연휴태국여행
9
3
0
0
추석연휴홍콩
50
45
5
2
추석연휴홍콩여행
27
35
8
1
추석오사카
46
87
7
4
추석오사카여행
33
22
8
3
추석오키나와
44
43
3
10
추석유럽
14
21
3
0
추석유럽여행
90
60
10
5
추석일본
54
60
7
2
추석일본여행패키지
46
54
4
7
추석일본자유여행
7
2
6
1
추석장가계
18
9
4
1
추석중국
28
31
2
0
추석중국여행
80
104
9
5
추석태국
20
11
2
1
추석태국여행
21
31
9
1
추석터키여행
8
7
8
0
추석파리여행
0
1
3
0
추석푸켓
18
29
8
0
추석푸켓여행
10
6
9
0
추석하와이
15
14
7
0
추석해외골프
9
5
2
1
추석호주여행
6
8
10
0
추석홍콩
118
97
5
9
추석홍콩여행
155
213
9
13
추석후쿠오카
27
33
6
1
춘성CC
21
19
3
2
춘성골프장
11
6
2
0
취리히공항근처호텔
14
10
3
0
치산인삿포로
10
7
10
0
치산인삿포로호텔
9
5
5
0
치안마이
29
32
2
0
치앙라이여행
55
62
9
1
0
0
0
0
치앙마이골프텔
9
7
3
0
치앙마이관광지
39
36
9
0
치앙마이리조트추천
8
7
0
0
치앙마이만다린오리엔탈
50
49
2
1
치앙마이에어텔
29
29
8
4
치앙마이여행일정
21
14
3
0
0
0
0
0
치앙마이특급호텔
4
7
3
0
치앙마이하이랜드
30
16
3
0
치앙마이호스텔
20
6
3
1
친구끼리해외여행
57
140
6
0
친구랑해외여행
194
565
9
5
친구해외여행
83
238
8
1
친퀘테레호스텔
53
15
1
2
친퀘테레호텔
31
32
4
1
칭다오골프여행
14
11
7
1
칭다오골프장
32
27
3
2
칭따오골프
17
13
2
0
카가야료칸
6
10
2
0
카니발크루즈
153
289
3
0
카리브해크루즈
95
115
8
3
카리브해크루즈가격
2
1
1
0
카리브해크루즈비용
0
0
0
0
카리브해크루즈여행비용
0
0
0
0
카멜리아페리
23
7
2
1
카멜리아호예약
31
7
2
1
카멜리아훼리
10
1
0
0
카비라비치
100
72
4
5
카비라클럽메드
42
21
8
2
카에데노쇼자
775
592
9
27
0
0
0
0
카오락국립공원
20
22
1
0
카오락메리어트
298
420
10
6
카오락투어
62
42
5
1
카오락호텔
22
16
10
0
0
0
0
0
카오슝관광
13
13
3
0
카오슝여행
386
508
9
10
카오야이골프장
15
26
2
0
카이로직항
34
25
3
2
카이하코네
166
100
8
12
카타르도하호텔
8
3
3
0
카트만두직항
22
22
2
1
카프리여행
76
114
9
1
카프리투어
210
134
9
19
칸사이여행
57
50
1
0
칸쿤리우팰리스
16
27
7
0
캄보디아10월
13
18
0
0
캄보디아5박6일
6
7
3
0
캄보디아6월여행
1
0
3
0
캄보디아9월
35
45
0
0
캄보디아라오스
93
119
3
0
캄보디아씨엠립
805
824
8
9
캄보디아여름여행
34
29
3
0
캄보디아여행준비
105
89
3
0
캄보디아프놈펜
1,023
712
7
9
캄보디아현지투어
10
7
5
0
캄보디아효도관광
3
7
3
0
캐나다관광상품
4
7
3
0
캐나다대한항공
24
48
9
0
캐나다록키자유여행
4
2
3
0
캐나다왕복비행기값
16
38
9
0
캐나다크루즈
6
15
7
0
캐나다크루즈여행
5
4
2
0
캐나다크리스마스
15
22
1
0
캐리비안크루즈
61
66
3
2
캐리비안크루즈여행
1
4
2
0
캐리비언크루즈
3
3
1
0
캐슬렉스청도
6
11
3
0
캘거리호스텔
29
16
1
3
커플세부여행
11
21
3
1
케나다비행기표
4
10
8
0
케나다항공권
17
7
8
1
케세이퍼시픽할인
25
14
8
1
케세이퍼시픽항공예약
17
11
9
0
코라쿠엔료칸
23
22
7
0
코비대마도
324
205
5
30
코사멧여행
33
22
9
2
코사멧투어
46
20
8
0
코사멧호텔
35
26
9
1
코사무이가족여행
165
163
9
10
코사무이관광
68
85
9
0
코사무이모두투어
1
3
3
0
코사무이반야트리
99
104
7
1
코사무이브리자
5
3
3
0
코사무이에어텔
93
69
9
11
코사무이여행경비
132
132
9
4
코사무이여행코스
11
2
3
0
코사무이인터콘티넨탈
44
58
9
0
코사무이전문
4
0
9
0
코사무이투어
41
52
8
1
코스타빅토리아
104
157
3
2
코스타빅토리아호
25
18
2
0
코스타세레나호
11
5
2
0
코스타아틀란티카
36
63
2
0
코스타아틀란티카호
8
7
3
0
코스타크루즈여행
4
1
3
0
코스타클래시카
8
3
2
0
코스타클래시카호
2
11
0
0
코창여행사
8
7
2
0
코타카니발루여행
5
4
2
0
코타키나발루3박4일
62
64
9
5
코타키나발루4일
9
5
3
3
코타키나발루6월
0
1
0
0
코타키나발루8월
65
81
2
0
코타키나발루모두투어
47
70
8
3
코타키나발루베링기스
217
172
8
2
코타키나발루산
120
174
6
2
코타키나발루수트라하버예약
8
9
5
0
코타키나발루싸게가기
6
6
9
0
코타키나발루얼리버드
3
12
0
0
코타키나발루여름휴가
3
4
3
0
코타키나발루전문
9
3
3
0
코타키나발루직항
219
178
9
4
코타키나발루트래킹
21
37
4
1
코타키나발루트레킹
52
60
10
2
코타키나발루항공권
1,852
1,206
10
124
코팡안호텔
7
13
7
0
콜럼버스여행
22
16
2
0
콩코드라파예트호텔
10
4
9
0
쾰른식품박람회
8
1
2
0
쿄토료칸
225
182
9
11
쿠루즈여행
116
252
8
8
0
0
0
0
쿠르즈여행
331
524
8
17
쿠르즈여행가격
9
19
2
0
쿠르즈여행비용
17
35
1
2
쿠바직항
22
26
2
2
쿠바호텔
67
57
6
2
쿠알라룸푸르말라카
475
378
0
0
쿠알라룸푸르직항
35
18
2
1
쿠알라룸프관광
20
14
2
0
쿠알라룸프르리조트
21
6
2
0
쿠알라룸프르항공권
28
35
8
1
쿠알라룸프에어텔
4
4
0
0
쿠알라룸프여행
138
132
9
3
쿠알라룸프항공권
26
24
8
2
퀘백여행사
5
4
0
0
퀘벡호스텔
23
10
2
0
퀼른여행
62
59
2
0
퀼른호텔
12
10
3
0
큐슈료칸여행
11
14
8
0
큐슈크루즈
3
1
3
0
크라비가족여행
43
49
3
2
0
0
0
0
크라비여행사
51
19
8
2
크라비패키지
89
81
8
7
크라비호텔추천
30
11
8
0
크라운리젠시막탄
135
105
3
1
크로아티아가족여행
31
37
10
1
크로아티아겨울여행
118
208
0
0
크로아티아크루즈
29
22
2
2
크루저여행
83
144
5
3
크루져여행
52
100
7
2
크루주여행
27
55
7
0
크루즈가족여행
8
3
9
0
크루즈동남아여행
1
4
0
0
크루즈땡처리
5
1
2
0
크루즈상품
29
15
9
1
크루즈세계여행
58
53
7
4
크루즈세계일주
208
287
5
11
0
0
0
0
크루즈여객선
63
109
2
2
크루즈여행예약
7
6
3
0
크루즈예약
58
29
9
1
크루즈유럽여행
7
20
2
0
크루즈자유여행
5
5
2
1
크루즈전문여행사
19
13
9
0
크루즈제주
9
3
2
0
크루즈지중해
7
12
3
0
크루즈특가
3
4
3
0
크루즈해외여행
8
60
8
0
크루즈호
72
170
3
1
크루즈훼리
15
6
2
0
크르주여행
10
18
7
0
0
0
0
0
크리스마스동남아
6
10
2
0
크리스마스여행상품
9
7
2
0
크리스마스일본
12
18
2
0
크리스마스일본여행
15
18
5
0
크리스마스크루즈여행
0
0
1
0
크리스마스해외여행추천
5
3
1
0
크리스탈크루즈
25
20
6
2
크림슨호텔
71
114
9
1
클라크골프
4
2
3
0
클락에어텔
15
11
6
2
클럽노아이사벨
92
82
5
6
클럽매드계림
19
13
5
0
클럽매드리조트
1
1
2
0
클럽매드발리
77
70
9
2
클럽매드빈탄
28
23
9
1
0
0
0
0
클럽매드오키나와
24
22
5
1
클럽매드카비라
15
5
4
1
클럽매드푸켓
63
38
8
1
클럽메드가족여행
13
15
3
0
클럽메드괌
85
69
2
3
클럽메드구이린
14
7
2
0
클럽메드말레이시아
44
54
3
0
클럽메드메이트
15
4
5
1
클럽메드몰
159
86
8
6
0
0
0
0
클럽메드빌리지
33
21
9
1
클럽메드사호로
49
68
9
1
클럽메드일본
44
56
9
1
클럽메드중국
25
34
6
0
클럽메드추천
72
72
8
0
클럽메드카비라
691
644
9
20
클럽메드포유
17
7
2
0
클럽메드푸켓리조트
167
218
8
5
클럽메드하나투어
2
2
2
0
클럽메드하와이
18
19
2
1
클럽메드할인
57
21
9
4
클럽하모니크루즈
4
1
1
0
클루즈여행
3
11
3
0
클리블랜드여행
115
87
2
0
키나바루트레킹
7
5
3
1
타슈켄트직항
6
14
2
0
타이드리조트
25
17
3
1
타이베이관광
36
47
3
0
타이베이저가항공
49
25
2
3
타이완가족여행
6
7
9
0
타이완패키지
22
27
8
1
타이완패키지여행
7
7
9
0
타이페이송산
620
175
2
0
타이페이투어
8
11
9
0
0
0
0
0
타이항공할인항공권
2
3
0
0
타지엑조티카라군빌라
34
31
3
0
타히티가족여행
3
9
0
0
타히티크루즈
15
9
2
0
탈린호텔
27
20
8
0
태교여행사이판
53
162
8
0
태국12월여행
4
8
0
0
태국3박4일여행경비
6
1
7
0
0
0
0
0
태국3박5일
124
209
9
2
태국4박5일
305
365
10
7
태국7월여행
10
14
2
0
태국가족여행경비
22
25
9
0
태국가족여행비용
11
20
10
0
태국가족풀빌라
8
7
1
0
태국겨울여행
54
63
7
0
태국관광상품
16
33
3
0
태국나홀로여행
11
7
3
0
태국더자인호텔
16
19
3
0
태국라오스여행
15
17
2
0
태국리조트여행
2
3
0
0
태국리조트예약
17
3
10
1
태국맞춤여행
2
7
3
0
태국모두투어
18
21
9
0
0
0
0
0
태국방콕패키지여행
2
1
10
0
0
0
0
0
태국쉐라톤
46
84
2
0
태국쉐라톤호텔
25
43
3
1
태국싱가포르
20
34
2
0
태국싱가폴
50
60
2
1
태국싱가폴여행
11
6
3
0
태국싸게가기
4
7
10
0
태국여름여행
33
34
7
0
태국여름휴가
19
21
3
0
태국여행7월
8
11
2
0
태국여행9월
12
15
2
0
태국여행방콕
11
15
3
0
태국여행여행사
13
13
8
0
태국여행일정추천
3
2
0
0
태국여행추천여행사
15
9
4
1
태국여행패키지추천
2
1
10
0
태국여행항공권
16
5
9
1
태국왕궁투어
25
20
1
0
태국주말여행
4
5
9
0
태국차암
28
43
2
0
태국치앙라이
143
213
5
1
태국치앙마이
1,373
1,603
10
15
태국카오락
408
685
10
7
태국칸차나부리
91
70
9
1
태국캄보디아
204
198
9
2
태국코끼리트래킹
75
77
1
0
태국코사무이리조트
18
12
3
0
태국코창
251
354
8
1
태국크라비
2,864
3,729
10
65
태국크라비여행
33
27
9
1
태국크라비직항
10
8
2
0
태국클럽메드
68
73
8
0
태국파타야가족여행
6
10
9
0
태국파타야관광
4
8
7
0
태국파타야여행비용
6
7
0
0
태국패키지여행추천
4
1
3
0
태국패키지추천
9
9
10
0
태국페키지
8
6
2
2
태국푸캣
6
6
3
0
태국현지여행사
750
379
8
33
태국호텔팩
13
9
8
0
태국혼자여행
272
406
9
2
태국홍콩
59
103
3
0
태국환갑여행
9
5
2
1
태국후아힌
705
707
9
10
태국후아힌리조트
17
27
8
0
태국후하인
22
38
2
0
태산등산
17
9
2
0
태산트레킹
14
4
3
2
태평양크루즈
12
2
0
0
터키2월
31
50
2
0
터키9월
48
72
2
0
터키9일
40
40
4
2
터키가을여행
5
10
3
0
터키겨울여행
314
510
3
0
터키상품
23
11
9
0
터키여름여행
112
150
3
0
터키여행11월
16
8
2
0
터키여행12월
6
9
2
0
터키여행1월
2
10
0
0
터키여행가이드
35
26
8
1
터키여행성수기
30
50
0
0
터키크루즈
27
20
8
0
터키패키지여행사
15
9
6
1
터키휴가
10
5
0
0
텅야이CC
2
4
3
0
테국여행
19
13
2
1
테헤란직항
5
2
3
0
텍사스호텔
7
6
3
0
텔아비브호스텔
6
4
1
0
텔아비브호텔
8
11
8
0
토론토직항
83
91
8
2
토리노호텔
21
9
9
0
톨레도투어
48
47
9
2
톨레도호스텔
18
9