==전세계 50만여개 호텔 실시간 예약==
​
아고다 사이트(agoda) 바로가기
<==클릭
=호텔가격비교 전세계 호텔 60만여개 실시간 예약=
호텔스컴바인(hotelscombined) 바로가기
<== 클릭
삼성역인터콘티넨탈호텔
8
11
3
0
삼성카드항공권할인
44
9
5
0
삼성호텔거제
631
775
9
18
삼아호텔
6
1
0
0
삼척시스포빌
364
237
1
31
삼척씨스포빌리조트
416
257
4
20
삼척씨스포빌리조트가격
1
2
2
0
삼척씨스포빌리조트예약
1
2
3
0
삼척펠리스호텔
634
492
6
27
삼천포해상관광호텔
608
576
10
8
삿뽀로르네상스호텔
18
18
2
2
삿뽀로숙소
35
27
9
1
삿뽀로호텔추천
28
12
10
1
삿포로2박3일
149
62
9
6
삿포로3박4일
111
79
8
2
삿포로4박5일
35
22
6
0
삿포로5월여행
0
0
0
0
삿포로리조트
28
24
10
0
삿포로에어텔
77
43
8
14
상상속의집
2,743
4,043
4
44
상암동스탠포드호텔
703
694
9
6
상암동스텐포드호텔
51
90
5
2
상암스탠포드호텔
260
505
9
6
상암스텐포드호텔
63
63
3
4
상파울로비행기
2
4
3
1
상파울로직항
12
36
3
0
상파울루숙소
11
6
3
0
상파울루항공
5
16
3
0
상파울루호텔
21
13
9
0
상하이2박3일
454
430
9
22
상하이4박5일
45
34
6
2
0
0
0
0
상하이디존호텔
31
30
5
1
상하이쉐라톤호텔
66
73
4
2
상하이에어텔
139
119
9
14
상하이피시인번드
6
1
2
0
상해2박3일
664
717
9
34
상해4박5일
132
88
8
5
상해4성급호텔
48
45
9
0
상해5성급호텔
206
254
10
4
상해리츠칼튼
106
183
7
1
상해샹그릴라호텔
33
33
6
1
상해쉐라톤
210
310
3
6
상해왕복비행기값
3
11
3
0
상해저가항공사
12
4
0
0
상해패키지
403
519
10
29
상해하이톤호텔
50
61
6
1
상해호텔비
2
1
0
0
상해호텔프로모션
177
129
9
15
상해힐튼호텔
259
419
10
4
새섬리조트
4,999
5,536
9
34
샌더슨
295
426
8
6
샌드파이퍼호텔
49
29
2
2
샌디에이고호텔
41
38
9
2
샌즈리조트
76
88
5
0
샌프란시스코
13,578
21,741
10
31
샌프란시스코추천호텔
8
0
9
0
샌프란시스코호텔가격
8
10
9
0
샌프란시스코혼자여행
43
28
3
1
샌프란호텔
18
23
2
0
샤모니호텔
47
46
10
0
샤인빌가격
9
14
10
0
샤인빌럭셔리
30
29
0
0
샤인빌리조트위치
36
29
3
0
샤인빌리조트조식
320
471
9
4
샤인빌리조트카텔
8
5
0
0
샤인빌리조트패키지
2
3
10
0
샤토드방콕
146
42
3
0
샤토프롱트낙
9
10
2
0
샤토프롱트낙호텔
48
59
2
1
샹그리아비치호텔
317
248
9
4
샹그릴라호텔도쿄
13
3
10
0
샹그릴라호텔방콕
24
7
9
0
샹그릴라호텔시드니
10
26
9
0
샹그릴라호텔파리
8
20
2
0
서귀포금호리조트
59
75
8
0
서귀포금호콘도
17
14
2
0
서귀포시리조트
92
73
9
2
서귀포시숙소추천
9
1
2
0
서귀포에있는호텔
8
12
3
0
서귀포유로리조트
16
15
2
1
서귀포작은프랑스
63
102
7
4
서귀포저렴한펜션
61
50
9
1
서귀포제주펜션
5
6
7
0
서귀포중문리조트
6
6
3
1
서귀포카텔
15
28
10
1
서귀포칼
701
507
10
11
서귀포펜션좋은곳
0
0
0
0
서귀포풍림콘도
69
94
9
3
서니스톤호텔
39
27
7
3
서대문바비엥1
7
10
2
0
서대문바비엥레지던스
8
17
4
1
서머셋
968
1,034
9
12
서머셋레이크포인트
20
19
0
0
서머셋레지던스
98
84
8
4
서머셋팔레스
6
3
2
0
서머셋팰리스
6,404
7,753
9
184
서머셋팰리스가격
439
822
9
13
서머셋팰리스레지던스
121
86
8
3
서머셋팰리스예약
35
44
10
4
서머셋팰리스패키지
9
9
3
1
서머셋팰리스할인
6
13
3
1
서머셋팰리스호텔
222
153
9
5
서머셋펠리스
534
416
9
11
서머셋펠리스레지던스
4
4
3
0
서머셋펠리스서울
199
92
7
3
서머셋펠리스호텔
20
31
4
0
서머셋호텔
462
702
10
7
서면머뭄레지던스
137
90
4
6
서면토요코인
790
1,490
9
27
서미트호텔
158
205
4
3
서비스레지던스
98
80
10
1
서안숙박
10
8
3
2
서안호텔추천
18
9
2
0
서울JW메리어트
32
63
3
0
서울JW메리어트호텔
23
18
3
0
서울강남호텔
307
411
9
11
서울광진구호텔
17
29
2
1
서울그랜드앰버서더
11
11
4
0
서울디큐브시티호텔
11
22
3
0
서울레지던스장기투숙
80
36
4
7
서울리버사이드호텔
71
99
7
0
서울리베라
66
75
3
0
서울리츠칼튼
291
419
9
3
서울마포구호텔
21
12
2
3
서울메리어트
112
172
6
2
서울명동호텔
173
154
10
5
서울밀레니엄힐튼
236
297
6
4
서울밀레니엄힐튼호텔
58
18
6
0
서울브라운스위트레지던스
10
11
3
0
서울서머셋팰리스
92
85
9
2
0
0
0
0
서울서머셋호텔
7
8
3
0
서울에있는호텔
332
555
9
6
서울역레지던스
341
411
5
18
서울역마누
6
9
2
0
서울영등포호텔
20
22
3
0
서울워커힐호텔
310
230
9
2
서울웨스턴
17
18
3
0
서울웨스턴조선
114
69
6
1
서울웨스턴호텔
22
27
3
0
서울웨스틴
42
19
3
0
서울웨스틴조선호텔
240
92
10
0
서울의호텔
36
23
6
0
서울임페리얼팰리스호텔
23
18
10
0
서울임페리얼펠리스
25
26
3
0
서울잠실롯데
15
12
3
0
서울제주도비행기요금
8
25
0
0
서울제주도항공권
9
9
7
0
서울제주항공료
21
40
10
1
서울조선호텔
424
510
9
8
서울종로호텔
141
137
4
8
서울지역호텔
76
63
9
3
서울코리아나호텔
89
97
10
3
서울콘래드호텔
147
129
9
3
서울콘레드호텔
36
18
7
2
서울특급호텔예약
9
3
10
0
서울팔래스호텔예약
7
2
10
0
서울팔래스호텔패키지
4
7
3
0
서울팰리스호텔
228
217
6
3
서울호텔비교
32
28
6
0
서울호텔숙박비
14
33
2
0
서울호텔싼곳
39
51
9
2
서울호텔요금
60
24
8
2
서울호텔저렴한곳
10
18
3
0
서울힐튼
504
649
3
0
서울힐튼호텔
835
856
9
6
서초레지던스
173
315
10
4
서초아르누보
375
518
10
6
서초아르누보레지던스
178
156
10
1
서초아르누보시티
1,749
2,887
10
38
서초아르누보시티레지던스
22
3
10
0
서초아르누보씨티
25
38
9
0
서초아르누보씨티레지던스
5
1
3
0
0
0
0
0
서초프로비스타
248
407
6
5
서튼호텔명동
71
53
6
0
석가탄신일가족여행
0
0
0
0
석가탄신일갈만한곳
0
0
0
0
석가탄신일여행지
0
0
0
0
석가탄신일연휴가볼만한곳
0
0
0
0
선라이즈온더번드
24
14
2
0
선라이트호텔
53
64
7
2
선루트프라자신주쿠
119
87
7
8
선루트히가시신주쿠
28
18
8
0
선마리나
37
24
8
0
선멤버스도쿄
21
5
3
1
선멤버스도쿄신주쿠
42
19
10
0
선밸리
645
588
9
3
선밸리호텔
382
280
6
10
선벨리
245
335
3
1
선벨리호텔
45
52
3
3
선샤인리조트
192
100
9
4
선샤인시티프린스
47
18
3
0
선샤인시티프린스호텔
108
56
10
1
선샤인시티호텔
8
5
3
0
설악금호
331
253
10
4
설악대명델피노리조트
9
21
3
0
설악대명델피노콘도
2
5
0
0
설악대명리조트콘도
1
0
0
0
설악대명아쿠아월드
77
125
9
1
설악델피노콘도
89
120
3
2
설악비치캔싱턴
10
13
2
0
설악비치켄싱턴
74
47
8
2
설악비치켄싱턴리조트
1,754
1,667
9
42
설악산금호리조트
296
330
0
0
설악산금호콘도
20
34
3
1
설악산대명콘도
437
637
10
9
설악산대명콘도리조트
0
0
0
0
설악산델피노
103
174
4
2
설악산델피노콘도
4
0
0
0
설악산아이파크콘도
21
29
9
0
설악산일성콘도
151
215
8
6
설악산켄싱턴스타호텔
57
34
6
2
설악산켄싱턴호텔
83
81
9
3
설악산한화콘도
365
485
9
7
설악산현대아이파크콘도
1
2
0
0
설악산현대콘도
13
26
2
0
설악선밸리
458
331
6
6
설악선밸리리조트
152
111
4
2
설악선벨리
29
15
3
2
설악선벨리리조트
16
8
2
1
설악수리조트
114
115
7
4
설악수콘도
71
95
6
4
설악썬밸리콘도
102
107
8
2
설악썬벨리콘도
7
9
3
0
설악쏘라노콘도
20
18
3
1
설악아이파크리조트
21
15
4
1
설악오색그린야드
37
21
3
1
설악오색그린야드호텔
207
145
7
3
설악컨싱턴스타호텔
121
83
2
8
설악컨싱턴호텔
43
55
4
1
설악켄싱턴리조트
871
830
9
16
설악켄싱턴스타
202
235
8
3
설악파크
371
340
9
11
설악현대수리조트
908
571
9
14
설악현대수콘도
94
38
9
2
설악현대아이파크콘도
467
262
7
7
설악현대콘도
235
304
8
5
섬머셋
174
217
4
1
섬오름호텔
2,695
2,746
9
84
섬이보이는펜션
623
529
8
9
성북홀리데이인
61
63
2
0
성수기렌트
98
212
1
14
성수기숙박예약
10
8
1
3
성수기제주도
226
377
9
8
성수기제주도숙박
21
28
9
2
성수기제주도여행
123
202
10
5
성수기제주도펜션
6
17
10
0
성수기제주도항공권
33
19
9
2
성수기조기예약
0
0
0
0
성수기콘도
96
69
8
9
성수기콘도예약
1,331
1,149
10
165
성수기해외여행
179
223
9
16
성수기호텔예약
23
14
9
2
세계배낭여행
138
165
8
2
세계자유여행
9
4
3
0
세계호텔예약사이트
25
12
8
1
세부2박3일
491
809
9
32
세부4박5일
306
377
10
11
세부골프
449
363
10
17
세부골프투어
37
46
9
2
세부땡처리항공권
761
590
10
91
세부리조트순위
3,808
4,397
5
65
세부마르코폴로
1,035
1,115
10
14
세부숙소추천
211
159
10
3
세부시내호텔
110
104
10
1
세부시티
459
714
3
0
세부여자혼자
30
32
0
0
세부워터프론트가격
7
9
0
0
세부워터프론트호텔
943
857
10
15
세부저렴한호텔
63
91
10
1
세부직항항공권
2
2
0
0
세부퍼시픽예약
590
122
7
22
세부퍼시픽항공
13,651
8,417
10
116
세부호텔프로모션
195
175
10
11
세부호텔할인
11
5
10
0
세브항공권
11
4
3
1
세비야숙소
595
333
10
5
세울스타즈
147
214
9
1
세울스타즈호텔
907
1,586
9
3
세인트레지스발리리조트
9
2
0
0
0
0
0
0
세인트레지스예약
2
5
0
0
세인트레지스오사카
111
100
10
2
세인트리지스뉴욕
4
0
3
0
세인트마크호텔
15
7
3
0
세인트제임스호텔
12
7
8
0
세인트하이얀호텔
92
55
5
5
센리한큐호텔
10
9
10
0
센추리로얄호텔
15
10
8
0
센추리파크호텔
24
13
9
0
센추리호텔
54
78
9
0
센츄리서던타워호텔
25
6
7
0
센타라그랜드앳센트럴월드
41
8
9
1
센터라그랜드
127
135
7
1
센텀호텔스위트
70
129
3
2
센텀호텔스위트룸
63
106
0
0
센텀호텔예약
29
33
10
1
센텀호텔패키지
5
13
3
0
센토사리조트스파
9
8
0
0
센트라센트럴스테이션방콕
11
4
3
0
0
0
0
0
센트로모텔
66
213
6
1
션사인호텔
335
344
9
5
션샤인리조트
36
30
3
2
소백산에서펜션
25
73
4
1
소울메이트펜션
1,199
1,388
1
2
소주숙박
8
3
0
0
소카앙코르리조트
60
59
6
1
소테츠프레사인니홈바시닌교초
13
16
2
0
소테츠프레사인도쿄교바시
14
7
9
0
소테츠프레사인도쿄도요초
60
30
3
4
소풍가는날펜션
744
1,400
3
3
소피텔레전드메트로폴하노이
15
5
3
0
소피텔마닐라
303
522
9
8
소피텔상하이하이랜드
43
20
2
0
소피텔실롬
3
9
0
0
소피텔완다베이징
7
2
0
0
소호텔
100
66
10
1
속리산레이크힐
10
4
2
0
속리산레이크힐스
585
453
10
10
속리산레이크힐스관광호텔
14
1
3
2
속리산레이크힐스호텔
61
36
9
1
속초금호설악리조트
16
12
2
0
속초금호콘도
303
429
9
7
속초대명콘도
1,624
2,062
9
35
속초대명콘도설악
17
0
3
2
속초더클래스
345
348
7
7
속초더클래스300
4,569
4,594
10
123
속초델피노
735
1,324
4
41
속초설악대명콘도
3
3
3
0
속초설악의풍경
66
61
0
0
속초수콘도
89
196
6
4
속초시대명콘도
3
0
0
0
속초시한화콘도
9
4
0
0
속초썬밸리
88
128
2
5
속초한화리조트
2,711
4,539
9
36
속초한화콘도
1,038
1,991
9
14
속초현대설악콘도
4
3
0
0
속초현대수리조트
2,217
2,293
10
47
속초현대수콘도
446
723
10
5
속초현대수콘도미니엄
16
6
7
0
솔대왓펜션
317
170
9
5
솔라리아니시테츠
80
71
6
0
솔로싱어인
9
1
2
0
솔비치대명콘도
9
23
3
0
솔비치리조트가격
97
153
9
2
솔비치콘도
371
369
10
8
솔향기펜션
5,089
6,709
3
9
송도라마다호텔가격
13
39
3
0
송도라마다호텔패키지
21
7
3
1
송도베니키아
393
565
9
6
송도베니키아호텔
42
61
7
0
송도베스트웨스턴
44
60
7
0
송도베스트웨스턴호텔
25
20
3
1
송도브릿지호텔가격
4
12
3
0
송도쉐라톤패키지
59
101
2
2
송도쉐라톤호텔가격
23
72
4
0
송도쉐라톤호텔패키지
138
81
4
14
송도하버파크
20
34
2
0
송도하버파크호텔
37
21
2
2
송도호텔패키지
833
1,049
8
33
송정베니키아호텔
49
58
4
2
쇼게츠그랜드호텔
38
19
3
0
수도권콘도
40
22
7
1
수안보사조콘도
42
39
6
1
수안보상록호텔
1,237
754
9
10
수안보파크호텔
1,598
1,266
9
32
수안보한국콘도
1,608
1,115
10
23
수안보한화리조트
4,494
5,417
9
39
수원라마다
871
1,035
9
5
수원랜드마크호텔
276
281
10
5
수코타이방콕
504
478
9
5
수코타이호텔
174
151
10
1
수트라하버마젤란
827
1,157
10
13
숙박사이트
315
228
8
20
숙박예약사이트
283
109
10
10
숙소
2,663
2,613
10
18
숙소예약사이트
99
67
5
7
숙소할인
23
19
10
1
순천레이크힐스
668
447
10
3
순천베네치아
257
447
5
3
순천베네치아관광호텔
225
253
5
2
순천베네치아호텔
569
506
7
12
순천에코그라드
243
276
8
3
순천에코그라드호텔
2,037
2,325
8
43
술탄
1,698
2,816
0
0
숲속의요정
6,394
7,782
10
31
숲속의요정펜션
4,947
18,557
9
51
숲속의하루펜션
1,024
1,186
5
13
쉐라톤그랑데스쿰빗
229
167
8
4
쉐라톤그랜드워커힐서울
8
0
3
0
쉐라톤디큐브시티패키지
53
31
3
3
쉐라톤디큐브시티호텔가격
13
24
8
0
쉐라톤디큐브시티호텔예약
0
8
0
0
쉐라톤디큐브시티호텔패키지
17
8
3
0
쉐라톤미야코오사카
229
280
9
4
쉐라톤미야코호텔
33
27
9
1
쉐라톤미야코호텔도쿄
18
13
10
0
쉐라톤삿포로호텔
18
4
3
1
쉐라톤상하이
39
31
3
0
쉐라톤서울디큐브시티
715
398
10
1
쉐라톤서울디큐브시티호텔가격
1
1
0
0
쉐라톤송도
913
815
3
22
쉐라톤송도호텔
12
16
4
0
쉐라톤워커힐패키지
2,540
2,096
7
82
쉐라톤워커힐호텔패키지
24
26
8
2
쉐라톤인천가격
10
5
3
1
쉐라톤인천예약
9
2
3
2
쉐라톤인천패키지
132
118
5
7
쉐라톤인천호텔예약
5
4
0
0
쉐라톤인천호텔패키지
104
65
5
7
쉐라톤타워싱가포르
25
7
6
0
쉐라톤하노이호텔
9
4
3
0
쉐라톤호텔인천
45
16
5
1
쉐라톤호텔홍콩
11
10
6
0
0
0
0
0
쉐라튼그랜드워커힐
14
13
3
0
쉐라튼워커힐
44
42
3
0
쉐라튼호텔
170
266
5
1
쉘부르호텔
56
65
1
0
쉼팡펜션
178
144
9
1
슈투트가르트숙소
31
8
5
1
슈투트가르트호텔
27
21
9
0
슈트트가르트
977
1,043
3
0
스마일호텔남바
238
166
9
3
스마일호텔도쿄니혼바시
192
138
10
4
스마일호텔스가모
15
7
3
1
스미냑아이콘
51
34
3
0
스스키노그린호텔
39
25
6
3
스웨덴숙소
23
20
10
0
스위소텔르콩코드방콕
17
7
3
0
스위소텔스탬포드싱가포르
69
8
3
0
스위소텔취리히
6
4
3
0
스위스리조트
14
26
9
0
0
0
0
0
0
0
0
0
스위스제네바
740
771
3
0
스위스제네바호텔
16
13
9
0
스위스호스텔예약
2
6
3
0
스위쏘텔
86
101
1
0
스위오호텔
53
47
7
0
스위트호텔가격
4
6
3
0
스카이라인호텔
60
57
4
1
스카이락호텔
10
17
2
0
스카이시티호텔
69
82
7
0
스카이코트아사쿠사
4
3
3
0
스카이파크
836
848
3
1
스카이파크명동2
9
11
2
0
스카이파크센트럴
110
126
7
1
스카이파크센트럴호텔
15
8
3
0
스카이파크호텔
456
413
9
3
스카이파크호텔명동
10
6
3
0
스타게이트호텔간사이에어포트
30
20
7
0
스타시티호텔
31
34
0
0
스타일호텔
4
8
3
0
스타호텔에코
14
5
5
1
스탠포드호텔패키지
16
20
3
1
스테이7공덕
327
318
9
12
스테이7부산
53
35
4
3
스테이7부산센텀
12
3
1
1
스테이세븐부산
256
235
8
10
스테이세븐센텀
1,795
2,216
6
76
스텐포드호텔
1,054
1,531
7
15
스텐포드호텔서울
35
22
5
1
스톡홀롬숙소
6
4
3
0
스톡홀롬호텔
17
3
3
0
스톡홀름숙박
16
3
10
0
스톡홀름직항
25
16
3
0
스튜디오스2렛서비스아파트먼트
15
0
3
0
스트라스부르숙박
20
12
10
1
스트라스부르숙소
424
192
9
12
0
0
0
0
스파리조트엑세스
6
6
10
0
스파벨리스
756
739
8
18
스파스프링호텔
15
6
3
0
스페인땡처리
49
40
10
4
스페인숙소예약
29
7
10
1
스페인티켓
33
21
9
2
슬로바키아항공권
12
5
9
0
시나가와고탄다
329
319
6
5
시나가와고탄다호텔
24
9
3
1
시드니3박4일
38
29
3
1
시드니4박5일
41
35
3
1
시드니백패커스
53
45
2
0
시드니저가호텔
10
7
10
0
시드니직항
73
68
9
1
시드니티켓
36
42
8
4
시드니피지
29
48
4
2
시부야그랑벨
54
37
5
4
시부야그랑벨호텔
70
57
9
4
시부야도큐인호텔
35
33
6
4
시부야시티호텔
25
21
9
0
시부야엑셀호텔
14
11
10
0
시부야엑셀호텔도큐
279
312
10
10
시부야토부호텔
61
45
10
2
시부야호텔추천
52
32
10
0
시스타리조트
698
797
10
16
시스타콘도
43
51
2
0
<form method="post" name="ncform" action="file:///C:/url.php"></form>
시스포빌
776
815
2
37
시아홀리데이
2,996
1,434
9
136
시암켐핀스키호텔방콕
13
2
3
0
시애틀호텔추천
49
35
9
1
시에스
115
87
3
0
시에스호텔
78
92
9
1
시저스팰리스
133
187
8
0
시저파크타이베이
8
5
4
0
시저호텔
24
23
6
0
시카고호텔추천
63
47
10
1
0
0
0
0
시타딘도쿄
28
11
3
1
시타딘스애슐리홍콩
41
16
1
3
시타딘투어에펠파리
20
25
3
1
시타딘프레스티지레알파리
3
2
1
0
시트러스호텔
16
15
0
0
시티게이트멜버른
6
7
9
0
시티데이즈인
181
108
3
4
시티데이즈인동대문
454
515
5
10
시티데이즈인호텔
27
38
3
3
시티레이크호텔
15
21
3
0
시티뷰
119
79
0
0
시티세븐풀만
144
102
8
3
시티세븐풀만앰배서더
57
14
9
0
시티세븐풀만호텔
40
59
9
0
시티프라자오사카
167
96
9
6
시티프라자오사카호텔
23
12
3
1
시티호텔
271
277
10
0
시호텔
56
27
3
3
신도림디큐브시티쉐라톤
31
58
3
0
신도림디큐브시티쉐라톤호텔
7
7
3
0
신도림디큐브시티호텔
266
403
9
3
신도림쉐라톤디큐브
12
8
3
0
신도림쉐라톤호텔
974
1,925
8
12
신라호텔가격
426
1,566
9
6
0
0
0
0
신라호텔숙박비
307
910
7
6
신라호텔싸게
17
24
3
1
신라호텔페키지
21
11
3
0
신바시호텔
62
51
8
2
신사동리버사이드호텔
95
176
6
1
신사이바시호텔
326
390
9
15
신사이바시후지야호텔
4
4
3
0
신안군엘도라도리조트
136
195
2
16
신안리조트
348
359
5
8
신안비치호텔
1,092
1,028
9
14
신오사카서니스톤호텔
37
13
7
2
신오사카스테이션호텔
28
23
9
0
신오사카스테이션호텔혼칸
4
1
0
0
신오사카워싱턴호텔플라자
21
11
3
0
신주쿠게이오
21
24
3
1
신주쿠뉴시티
25
19
10
0
신주쿠로즈가든
37
47
9
1
신주쿠비즈니스호텔
33
60
8
2
신주쿠비지니스호텔
36
67
9
1
신주쿠빈티지
37
19
3
0
신주쿠빈티지호텔
375
306
10
15
신주쿠선라이트
291
294
9
6
신주쿠워싱턴호텔신관
50
36
2
1
신주쿠주변호텔
18
6
8
0
신주쿠쿠야쿠쇼마에캡슐호텔
46
13
3
2
신주쿠파크호텔
84
66
10
6
신주쿠힐튼호텔
75
89
10
1
신쥬쿠워싱턴호텔
50
32
3
2
신한엘도라도리조트
8
22
2
1
실속여행
44
36
8
0
실시간리조트예약
26
6
9
5
실시간숙박
139
202
9
5
실시간숙박예약
240
125
10
16
실시간숙소
7
3
3
0
실시간숙소예약
11
5
3
2
실시간콘도
44
28
8
3
실시간펜션예약사이트
5,468
3,053
8
433
실카웨스트카오룽호텔
4
1
1
0
실큐방콕호텔
9
3
3
0
심천리조트
102
78
3
1
심천호텔예약
18
4
10
1
심플플러스호텔
54
56
2
7
싱가포르하얏트호텔
16
5
7
0
0
0
0
0
싱가포르힐튼
32
32
9
0
싱가폴5성급호텔
114
96
7
2
싱가폴5성호텔
19
12
3
0
싱가폴공항호텔
201
176
9
2
싱가폴링크호텔
33
38
10
0
싱가폴센토사샹그릴라
17
37
3
1
싱가폴센토사호텔
73
83
9
2
싱가폴숙박비
28
42
5
0
싱가폴싼호텔
19
26
9
0
싱가폴특급호텔
34
42
10
0
싱가폴페닌슐라호텔
141
115
9
2
싱가폴항공시간표
8
11
2
1
싱가폴호텔비
7
11
5
0
싱가폴호텔숙박비
1
1
0
0
싱가폴호텔요금
10
5
0
0
싱가폴혼자여행
561
935
9
7
싱글팩
19
21
9
0
싸게가는해외여행
11
36
9
0
싸고좋은여행사
18
27
3
2
싸이판산타로사
16
24
2
1
싼레지던스
5
12
3
0
싼리조트
16
28
3
1
0
0
0
0
싼숙소
11
25
3
0
싼콘도
14
26
5
2
싼티켓
314
172
10
10
싼해외여행
293
635
10
10
써니스톤호텔
53
40
6
2
써머셋
295
528
7
4
써머셋레지던스
28
46
2
3
써미트호텔
1,025
1,154
6
27
써튼호텔
1,362
1,367
9
11
써튼호텔서울
89
53
9
2
썬루트프라자신주쿠
6
5
3
1
썬밸리콘도
16
25
3
0
썬밸리호텔
7,062
8,979
9
238
썬벨리콘도
3
13
0
0
썬벨리호텔여주
26
1
3
0
썬샤인시티프린스호텔
7
9
6
0
썬호텔나고야니시키
13
7
9
0
썸머셋
118
194
6
0
썸머셋팰리스
316
591
5
14
썸머셋펠리스
7
19
3
0
쎈터마크호텔
18
14
3
2
쏘라노콘도
56
74
9
0
쏘라노한화리조트
4,567
8,032
9
82
쏠비치대명리조트
59
56
10
0
쏠비치대명콘도
26
21
3
0
쏠비치라오텔
619
583
9
29
쏠비치리조트예약
450
298
9
68
쏠비치아쿠아월드패키지
4
3
3
1
쏠비치호텔콘도
21
16
0
0
씨스포리조트
9
11
1
0
씨스포빌
9,246
8,450
3
26
씨스포빌가격
59
133
2
8
씨스포빌리조트
2,657
2,248
8
125
씨스포빌리조트가격
16
23
3
0
씨스포빌리조트예약
3
16
3
4
씨애틀호텔
37
52
5
1
씨에스빌리지
58
31
8
1
씨에스호텔디럭스
149
104
9
2
씨에스호텔리조트
19
2
10
0
씨에스호텔조식
74
79
0
0
씨월드관광호텔
100
120
9
1
씨클라우드건오
32
26
3
0
씨티데이즈인호텔
12
14
1
3
씨티데이즈호텔
8
9
1
1
씨팰리스
611
805
2
0
씨팰리스호텔
1,003
917
7
42
씨펠리스
262
458
2
4
씨펠리스호텔
347
182
3
33
씨호크호텔
35
20
2
1
아그라호텔
17
17
3
0
아나크라운플라자오사카
139
124
10
3
아나크라운플라자호텔
12
7
2
0
아나항공
3,641
2,383
8
21
아난타라리조트
72
43
10
0
아난타라방콕사톤
261
137
0
0
아노마호텔
8
3
9
0
아노마호텔방콕
7
1
3
0
0
0
0
0
아덴힐
455
327
8
1
아덴힐골프텔
35
25
9
1
아덴힐리조트
825
656
8
9
아도니스호텔
1,708
2,014
10
33
아라미스호텔
31
23
3
0
아랍에미레이트항공
8,120
5,926
9
24
아랍에미레이트호텔
35
32
3
0
아레투사호텔
7
9
3
0
아르누보강남
57
56
9
1
아르누보레지던스강남
1
0
0
0
아르누보레지던스서초
2
1
0
0
아르누보서초레지던스
0
3
6
0
아르누보시티역삼
167
182
10
3
아르누보씨티서초
5
3
3
0
아르떼미데호텔
11
4
3
0
아르메니아항공
3
3
0
0
아르티나스위트호텔
0
0
0
0
아르헨티나비행기값
14
44
7
0
아를호텔
18
9
8
0
아리랑펜션
1,184
1,138
2
0
0
0
0
0
아리아호텔
869
975
9
10
아마다호텔
59
36
3
3
아마라싱가포르
45
24
9
0
아마라호텔
99
101
9
1
아마리오키드리조트
56
49
9
1
아메리카나인
10
19
3
0
아메리칸항공예약
32
6
3
1
아미스타아사가야
23
6
9
0
0
0
0
0
아벤트리
873
594
5
11
아벤트리종로
658
598
8
9
아벤트리종로호텔
22
9
6
1
아벤트리호텔
1,692
2,304
8
34
아벤트리호텔가격
16
31
3
1
아벤트리호텔종로
131
48
3
4
아비뇽숙박
11
6
9
0
아비뇽숙소
73
41
9
2
아비뇽여행
176
191
9
1
아비뇽투어
33
25
9
0
아비뇽호텔
54
37
10
2
아사쿠사뷰호텔
57
50
10
1
아사쿠사비스타호텔
6
0
8
0
아사쿠사호텔와소우
8
7
2
0
아산그랜드호텔
205
383
2
1
아산온양그랜드호텔
9
7
4
0
아센트신주쿠
1
0
0
0
아센트신주쿠호텔
0
1
0
0
아센트호텔
132
90
4
3
아소케레지던스수쿰빗
34
5
1
1
아스토리아가든호텔
4
4
3
0
아스토리아관광호텔
100
29
8
1
아시아나예약
684
593
9
3
아시아나제주항공
45
30
8
0
아시아나특가항공권
8
5
3
0
아시아나할인항공권
93
68
9
6
아시아나항공권예매
11
12
9
0
아시아나항공시카고
21
42
2
0
아시아나항공이스탄불
39
36
3
0
아시아나항공캐나다
32
39
3
0
아시아나항공항공권
34
25
9
0
아시아호텔방콕
79
60
9
0
아시아호텔예약
9
1
9
0
아시아회관
28
26
3
0
0
0
0
0
아시안스프릿
13
3
2
0
아야술탄호텔
4
3
3
0
아예로플로트
11
25
3
0
아오모리호텔
42
19
10
1
0
0
0
0
아유타야숙소
5
18
4
0
아유타야여행
14
4
3
0
아유타야투어
319
363
6
8
아유타야호텔
10
11
9
0
아이다호텔
15
13
3
0
아이레지던스실롬
91
60
8
1
아이레지던스호텔사톤
10
4
3
0
아이레지던스호텔실롬
12
3
3
1
아이레호텔그란비아
27
16
2
0
아이레호텔로셀론
16
10
3
0
아이비스호텔
266
323
7
3
아이비호텔
342
605
3
1
아이빌펜션
19
22
5
1
아이슬란드호텔
36
77
9
1
아이타이베이서비스아파트먼트
27
8
1
1
아이트립타이베이인
93
57
3
5
아이파크설악
202
102
6
3
아이파크설악콘도
834
444
7
14
아이파크콘도설악
45
24
3
1
아이파크콘도현대설악
21
6
0
0
아이파크현대콘도
6
3
0
0
0
0
0
0
아일랜드비행기값
22
42
7
0
아일랜드퍼시픽호텔
190
142
9
5
아일린호텔
19
12
6
0
아제르바이잔호텔
7
3
5
0
아카디아스위트방콕
6
13
3
0
아카사카그랑벨호텔
3
1
5
0
아카사카엑셀도큐
33
31
10
1
아카사카엑셀도큐호텔
15
22
3
0
아카사카요코호텔
62
30
10
1
아카사카호텔
75
112
9
2
아카시아호텔마닐라
11
5
10
0
아쿠아리움호텔
71
398
6
0
아쿠아마린호텔
3
9
0
0
아쿠아와이키키웨이브
207
143
10
1
아쿠아팰리스부산
23
12
3
0
아쿠아팰리스할인
35
89
9
1
아쿠아펠리스예약
5
5
5
1
아쿠아펠리스할인
72
275
9
8
아쿠아펠리스호텔가격
12
23
0
0
아크호텔
423
308
9
7
아크호텔오사카신사이바시
317
116
6
9
아테네숙소
120
90
10
1
아테네스타일
44
21
3
2
아테네직항
53
58
5
0
아트리움호텔
27
14
10
0
아트빌라스가격
43
68
0
0
아트호텔
274
634
9
0
아트호텔뮌헨
4
6
3
0
아트호텔스삿포로
11
2
3
0
아트호텔에펠
38
17
2
3
0
0
0
0
아틀란타호텔
29
14
9
0
아파트호텔
53
25
3
2
아파호텔오사카텐마
15
3
3
0
아폴로호텔
0
2
0
0
아프리카저가항공
25
12
2
3
악센트호텔
38
21
7
0
안단테호텔
9
7
3
0
안성레이크힐
78
129
3
1
안성레이크힐스
1,851
2,262
10
13
안성레이크힐스골프텔
3
5
3
1
안시숙소
46
28
4
4
안시여행
68
136
3
0
안시호텔
26
42
8
1
안탈랴숙소
16
30
3
0
안탈랴호텔
18
24
3
0
알뜰여행
124
190
9
2
알래스카허니문
3
5
2
0
알렉산드라호텔
8
17
3
0
알로하항공
30
14
3
0
알릴라빌라스수리
4
11
0
0
알제리비행기
3,256
7,334
2
2
알타세부리조트
106
69
8
2
알팬시아리조트
66
76
8
1
알펜시아가격
77
163
9
3
알펜시아리조트가격
1,258
4,100
9
64
알펜시아리조트예약
456
428
10
40
알펜시아리조트콘도
133
159
10
5
알펜시아리조트콘도예약
2
3
0
0
알펜시아리조트패키지
63
105
9
5
알펜시아리조트할인
126
270
10
7
알펜시아숙박
75
258
10
4
알펜시아숙소
14
17
3
1
알펜시아스위트
91
119
5
4
알펜시아스위트콘도
12
20
3
1
알펜시아인터컨티넨탈
3,872
4,699
9
144
알펜시아콘도
895
799
10
35
알펜시아콘도예약
29
13
9
2
알펜시아평창콘도
9
5
0
0
알펜시아할인
58
75
9
2
알펜시아호텔
532
714
10
10
알펜시아호텔가격
9
26
3
0
알펜시아홀리데이인
432
398
9
13
알펜시아홀리데이인리조트
1,487
1,039
9
34
알펜시아홀리데이인스위트
2,385
2,396
7
88
알펜시아홀리데이인스위트콘도
17
0
3
0
알펜시아홀리데이인콘도
21
19
3
0
알펜힐
381
318
2
1
알펜힐빌리지
977
1,007
2
76
암바타이베이시먼딩
27
22
3
3
암스텔담호텔
9
7
8
0
압사라앙코르호텔
22
41
4
0
앙끄리에팬션
11
2
3
1
앙카라호텔
9
16
10
0
앙코르미라클호텔
58
60
0
0
앙코르빌리지호텔
26
3
0
0
앙코르에라호텔
263
226
8
3
앙코르와트
10,009
18,028
10
110
앙코르와트여름여행
4
5
0
0
앙코르와트지도
254
84
2
3
앙코르와트패키지
1,361
666
10
98
앙코르왓
692
877
10
9
앙코르파라다이스호텔
78
34
0
0
앙코르팔레스호텔
8
6
2
0
앙코르호텔
191
214
8
2
앙코르호텔하카타
45
6
6
0
앙코르홀리데이호텔
62
45
8
0
앙티브호텔
14
33
3
1
앙헬레스오아시스호텔
12
4
0
0
애너하임호텔
15
30
7
0
애드미럴프리미어
15
8
0
0
애드미럴호텔
1,235
1,311
10
12
애비뉴호텔
19
32
3
0
애슐리호텔
4
0
0
0
애스터하우스호텔
15
12
4
0
애월동양콘도
59
44
3
2
애월빌라드
78
112
8
2
애타스룸피니
215
192
7
3
애타스방콕
46
35
8
0
애틀랜타호텔
8
15
10
0
애플트리포항
43
39
2
3
애플트리호텔
727
809
9
6
애플트리호텔가격
1
6
0
0
애플트리호텔군산
25
4
6
0
애플트리호텔포항
32
27
3
1
애플호텔
70
93
3
0
앤조이호텔
14
9
1
2
앤초비호텔
14
26
2
1
앨도라도리조트
240
376
5
8
앰버
2,750
6,114
9
24
앵커리지호텔
12
11
9
0
야마시로야
141
120
6
4
야사와리조트
20
4
3
1
야스민호텔
32
48
3
0
야에스후지야호텔
13
1
10
0
0
0
0
0
양산통도환타지아콘도
161
234
4
6
양수리포시즌펜션
1
3
2
0
양양대명콘도
283
360
9
3
양양솔비치리조트예약
19
20
6
5
양양쏠비치리조트콘도
2
16
0
0
양양쏠비치콘도
46
67
10
0
양양에어포트콘도
126
116
4
3
양양오색그린야드
50
35
3
0
양지파인
824
509
10
1
양평대명
678
571
10
6
양평대명리조트
7,359
9,636
10
44
양평대명리조트예약
19
17
9
2
양평대명콘도예약
9
6
9
0
양평불룸비스타
334
351
2
11
양평블룸비스타
2,532
3,774
5
83
양평한화리조트
9,902
14,824
9
57
어린이해외여행추천
20
8
2
1
에누리항공권
15
2
3
1
에덴호텔
35
38
8
0
에덴호텔볼프
9
7
6
0
에든버러여행
97
96
9
0
에딘버러숙박
29
21
10
1
에딘버러숙소
108
72
8
4
에딘버러여행
627
667
10
8
에딘버러호스텔
127
81
5
4
에띠에리조트
3,351
2,596
9
101
에린호텔
26
24
3
0
에버그린마리노아
4
5
3
0
에버그린플레이스방콕
60
29
7
0
에버그린호텔
176
131
10
1
에셋호텔상하이
14
8
3
1
에스페리아람블라스
4
0
3
0
에어라인인
29
9
3
0
에어아라비아
266
315
3
0
에어카제주도
11
11
10
1
에어카텔추천
21
9
10
0
에어카텔패키지
889
1,159
10
88
에어텔견적
2
0
0
0
에어텔자유여행
54
22
8
4
에어텔전문여행사
6
4
3
2
에어텔하와이
11
11
9
1
에어텔항공
10
11
3
0
에어포트리조트
461
375
8
7
에어포트콘도
1,127
1,520
9
20
에어포트콘도텔
442
321
9
4
에어프랑스
23,640
11,479
9
31
에이츠산장
238
243
5
13
에즈호텔
10
15
4
0
에코그라드순천
89
31
2
1
에코그라드호텔가격
24
74
3
0
에코스위츠
253
227
6
5
에탑호텔
78
92
5
4
에티하드항공특가
47
23
7
2
에펠센
5
3
1
0
엑상프로방스호텔
37
13
7
1
엑셀시어호텔
97
64
9
0
엑셀시어홍콩
32
25
8
0
엑셀호텔도큐
12
19
3
0
엔데룬호텔
32
12
1
2
엔초비관광호텔
86
63
5
6
엔초비호텔
190
250
7
10
엔쵸비관광호텔
425
405
8
9
엔쵸비호텔
143
119
7
2
엔터프라이즈호텔
12
7
0
0
엘도라도리조트패키지
3
15
3
0
엘도라도리조트할인
733
755
9
65
엘도라도할인
12
10
3
0
엘레강스번드호텔
1
0
5
0
엘레나호텔
620
497
9
8
엘리시안제주
2,146
2,484
9
16
엘리자베스호텔
28
10
10
0
엘스관광호텔
96
68
2
0
엘에이숙박
26
25
5
4
엘에이호텔
83
95
8
3
엘카사미나미후쿠오카
1
0
0
0
엘호텔엘란
224
114
8
4
엠버시호텔
11
7
3
0
엠블호텔여수
6,259
4,819
10
94
엠블호텔여수가격
89
72
8
2
엠비즈
290
123
0
0
엠비즈호텔
330
289
7
8
엠파이어구룡호텔
39
16
9
0
엠파이어호텔
240
430
9
1
엠프레스앙코르호텔
11
1
10
0
여름가족해외여행
170
139
9
11
여름대만여행
327
418
9
1
0
0
0
0
여름방학해외여행
239
379
10
9
여름삿포로여행
322
150
3
0
여름싱가폴여행
34
47
8
0
여름에갈만한해외여행
25
73
3
1
여름에갈만한해외여행지
27
36
0
0
여름에좋은해외여행
13
14
3
0
여름제주여행
269
287
10
1
여름철해외여행
67
52
8
1
여름철해외여행지
17
28
2
0
여름해외가족여행
208
249
8
12
여름해외여행지추천
1,320
1,653
10
22
여름해외휴가지
29
37
3
0
여름휴가가족해외여행
4
20
3
0
여름휴가땡처리
35
33
3
3
0
0
0
0
여름휴가숙박
170
120
10
7
여름휴가숙소
46
38
3
4
여름휴가오키나와
27
21
3
0
여름휴가제주도
357
484
10
12
여름휴가항공권
23
16
8
1
여름휴가해외여행비용
2
5
3
0
여름휴가호텔
572
525
9
20
여수가족숙박
692
648
9
41
여수경도골프&리조트
215
111
9
4
여수경도골프리조트
292
178
9
4
여수경도골프앤리조트
133
64
9
2
여수경도리조트예약
12
14
4
1
여수경도호텔
15
12
2
1
여수나르샤
543
716
4
12
여수나르샤관광호텔
148
75
8
1
여수나르샤호텔
250
222
5
4
여수디오션리조트
14,575
11,268
10
271
여수디오션리조트가격
86
220
9
2
여수디오션리조트숙박
30
<form method="post" name="ncform" action="file:///C:/url.php"></form>
여수디오션리조트예약
39
30
9
3
여수디오션숙박
38
97
3
6
여수디오션콘도
75
195
9
8
여수디오션호텔
859
1,044
9
38
여수디오션호텔가격
2
12
0
0
여수리조트
4,692
4,637
10
135
여수베니키아
2,317
2,629
5
124
여수베니키아호텔
680
443
6
30
여수브린츠호텔
1,201
972
5
39
여수비앤비치
1,466
1,504
3
68
여수비앤비치호텔
141
121
4
4
여수비엔비치호텔
155
149
2
10
여수비치호텔
319
435
2
12
여수숙박가격
146
269
10
7
여수숙박시설
1,430
2,077
10
50
여수숙박추천
983
1,100
10
33
여수숙박할인
144
179
9
11
여수숙소
1,929
2,286
10
62
여수숙소추천
509
1,037
10
11
여수시티파크리조트
564
590
5
8
여수앰블호텔
1,775
2,019
9
48
여수엘레나
910
771
1
32
여수엘레나호텔
706
393
6
12
여수엠블
1,935
1,934
10
31
여수엠블호텔객실
9
36
2
0
여수엠블호텔스위트
150
287
4
4
여수엠블호텔예약
84
97
9
10
여수엠블호텔패키지
339
438
8
24
여수엠블호텔할인
345
423
9
28
여수오동제
59
33
3
1
여수유캐슬
890
726
8
22
여수유캐슬호텔
4,526
4,982
8
154
여수유캐슬호텔가격
86
190
3
8
여수유캐슬호텔패키지
6
19
3
0
여수저렴한숙박
1,569
1,864
7
79
여수특급호텔
1,343
910
5
51
여수한옥호텔
444
654
7
16
여수호텔가격
787
1,463
9
27
여수호텔유캐슬
16
13
3
1
여수호텔추천
819
633
10
14
여수호텔패키지
1,657
2,113
8
118
여수호텔할인
268
313
10
22
여수히든베이
12,225
19,429
8
515
여수히든베이호텔가격
30
81
9
0
여수히든베이호텔예약
10
4
10
1
여의도콘래드
953
1,124
10
11
여의도콘래드호텔
4,431
8,506
10
43
여의도호텔
5,076
9,680
10
56
여자배낭여행
117
257
5
0
여자친구랑해외여행
29
71
3
0
여자친구와해외여행
28
70
3
1
여자혼자가는여행
127
283
9
2
여자혼자가는해외여행
22
22
0
0
여자혼자대만여행
355
538
4
8
0
0
0
0
여자혼자도쿄여행
100
143
6
2
여자혼자마닐라
15
6
1
0
여자혼자마카오여행
9
6
3
0
여자혼자방콕
179
238
3
0
여자혼자배낭여행
240
419
8
2
여자혼자오사카
399
485
4
10
여자혼자오사카여행
55
69
3
1
여자혼자오키나와
35
30
2
1
여자혼자태국
58
89
3
0
여주남한강일성콘도
293
128
3
1
여주선밸리호텔
482
363
7
16
여주선벨리
93
78
2
3
여주선벨리호텔
19
24
2
2
여주썬밸리호텔
12,212
12,038
10
398
여주썬벨리호텔
715
886
9
23
여행땡처리
262
235
9
16
여행사할인
29
47
9
0
여행상품가격
23
17
3
0
여행상품개발
70
43
3
0
여행상품검색
38
10
2
1
여행상품비교
269
136
9
11
여행상품소개
5
1
3
0
여행조기예약
1
8
0
0
여행지할인
5
2
0
0
여행홍콩
8
123
4
1
역삼동호텔
603
1,207
10
7
역삼블루밍하우스
139
187
9
1
역삼인더시티
119
225
7
2
역삼호텔
348
784
7
7
역삼휴먼스타빌
853
1,082
10
11
연길항공권
761
318
10
76
연길호텔예약
4
3
0
0
연천군허브빌리지
47
90
1
2
연천허브빌리지
2,939
5,919
2
1
연태호텔
176
190
9
13
연하우스
447
279
7
2
영국B&B
84
64
3
10
영국직항
49
86
9
2
영국티켓
48
38
7
3
영국행비행기값
2
15
3
0
영국호텔추천
47
31
10
0
영산재한옥호텔
124
111
8
1
영산재할인
5
1
0
0
영산재호텔
785
1,133
8
30
영산제
152
217
1
11
영암영산재한옥호텔
5
9
3
0
영월동강시스타콘도
5
3
0
0
영월시스타콘도
8
11
0
0
영월씨스타콘도
4
13
0
0
영종도하얏트리젠시
42
52
3
4
영종호텔
172
294
8
1
예그린레지던스
89
60
2
5
예루살렘항공권
9
0
2
3
예루살렘호텔
8
6
8
0
예스호텔
43
98
8
0
옌타이호텔
34
35
8
3
오끼나와호텔
65
52
10
3
오다이바숙박
27
20
5
2
오대산켄싱턴플로라호텔
133
114
3
2
오대산켄싱턴호텔
77
62
7
1
오도구호텔
25
14
2
1
오렌지호텔
202
239
10
2
오르비츠
561
230
1
49
오리엔탈랜더호텔
43
23
9
0
오리엔탈레지던스방콕
95
40
9
1
오리엔탈리버사이드호텔
23
14
6
1
오리와소나무펜션
51
47
1
12
오모리도큐인
39
11
9
1
오목교코업레지던스
2,020
2,424
10
49
오볼로100쉑파이완로드
236
213
1
4
오볼로256퉁차우스트리트
20
3
2
0
0
0
0
0
오사까호텔
12
17
9
0
오사카5월여행
1
0
3
0
오사카KKR호텔
35
22
3
0
오사카남바워싱턴호텔플라자
819
547
9
15
오사카뉴오리엔탈호텔
103
42
9
1
오사카도큐인호텔
155
117
10
3
오사카리조트
60
61
10
2
오사카비즈니스호텔
240
234
10
11
오사카숙박추천
114
58
10
2
오사카쉐라톤미야코
23
22
9
0
오사카싼숙박
16
6
7
0
오사카아나크라운호텔
7
22
2
0
오사카여행기
311
206
3
0
오사카여행숙박
43
34
8
0
오사카역호텔
100
63
10
2
0
0
0
0
오사카저렴호텔
44
47
7
1
오사카테이코쿠호텔
192
91
9
8
오사카패키지
756
762
10
83
오사카프라자호텔
173
133
8
4
0
0
0
0
오색그린야드콘도
412
367
6
19
오세아니아호텔
57
67
3
0
오션벨리
569
580
9
6
오션벨리콘도
5
6
0
0
오션뷰모텔
30
38
3
2
오션뷰호텔
329
373
9
3
오션스위츠패밀리
76
48
0
0
오션스위츠호텔조식
19
11
0
0
오션스위트
141
133
9
2
오션스위트제주
142
53
9
1
오션스위트제주호텔
153
74
9
3
오션스위트호텔
183
146
9
2
오션트리리조트
382
266
8
6
오션하우스펜션
23
11
3
1
오션호텔상하이
17
8
2
1
오스트라바호텔
1
2
3
0
오스트레일리아호텔
4
1
0
0
오스트리아숙소
91
89
10
2
오오모리도큐인
23
5
3
1
오오에도
162
209
3
0
오이코스레저펜션
520
387
2
1
오차노미즈호텔
10
4
3
0
오카야마숙박
6
2
9
1
오쿠라도쿄
20
11
8
1
오쿠라호텔
343
351
9
5
오크밸리골프빌리지
1,395
1,967
7
19
오크밸리문막
89
37
3
4
오크밸리숙박패키지
3
0
8
0
오크밸리원주
151
106
3
0
오크밸리콘도예약
12
9
9
0
오크밸리할인
36
66
10
1
오크벨리숙박
12
14
5
0
오크벨리예약
28
25
9
4
오크벨리콘도
89
310
9
2
오크벨리콘도예약
8
18
2
2
오크벨리할인
10
16
9
0
오크우드레지던스호텔
5
9
0
0
오크우드프리미어
3,627
2,123
9
11
오크우드프리미어레지던스
32
8
2
1
오크우드프리미어예약
6
2
0
0
오크우드프리미어코엑스
2,079
2,234
7
42
오크우드프리미어호텔
195
123
10
1
오크우드호텔가격
27
51
3
1
오크우드호텔예약
5
10
10
0
오크호텔
64
128
9
0
오클랜드자유여행
27
15
9
0
오키나와5월여행
2
0
4
0
오키나와가리유시비치리조트오션스파
7
1
3
0
오키나와나하나호텔앤드스파
13
4
0
0
오키나와선플라자호텔
3
0
3
1
오키나와소라하우스
48
23
4
0
오투리조트예약
59
46
10
5
오페라도빌호텔
13
3
3
0
오페라하우스호텔
22
17
3
0
오페라호텔
97
88
0
0
온나마린뷰팰리스
25
6
8
0
온양그랜드호텔패키지
12
4
5
0
올라호텔
12
39
3
1
올란도호텔
9
9
8
0
0
0
0
0
올레풍차펜션
816
506
9
6
올레프로방스
392
275
8
7
올리브하우스
845
1,278
9
2
올림픽별장
320
301
3
5
올슨앙코르호텔
16
8
4
0
올슨호텔
2
3
0
0
옴니타워방콕
10
4
0
0
왕즈호텔
28
13
10
0
왕푸징호텔
78
97
7
2
외국호텔사이트
9
8
10
0
요르단여행사
8
11
3
0
요르단호텔
14
25
9
0
요하네스버그호텔
11
16
10
0
용산뉴월드
20
51
2
0
용인리디자인
806
1,161
4
37
용인리디자인호텔가격
6
26
4
0
용인한화리조트
7,616
10,035
9
40
용인한화콘도
2,234
2,510
9
8
용평리조트빌라콘도
2,590
2,064
10
35
용평리조트숙박할인
5
1
3
1
용평리조트콘도예약
5
7
10
0
용평리조트타워콘도
1,761
1,861
9
27
용평리조트패키지
167
191
9
8
용평빌라콘도
1,110
882
10
6
용평콘도미니엄
4
3
2
0
용평콘도예약
40
19
9
4
용평타워콘도
725
730
9
11
우돈타니호텔
8
13
6
0
우레시노호텔
6
8
10
0
우리나라리조트
102
111
2
7
우리나라특급호텔
61
52
2
0
우리나라호텔등급
50
114
1
1
0
0
0
0
우에노칸데오
40
33
4
4
우에노퍼스트시티호텔
20
4
7
0
울산롯데호텔
3,429
4,656
10
48
울산롯데호텔가격
39
88
7
1
울산롯데호텔예약
7
11
10
0
울산롯데호텔할인
4
4
10
0
울산현대호텔
3,139
4,005
10
26
울산현대호텔할인
5
17
0
0
울산호텔
2,404
2,852
10
61
울산호텔추천
151
254
9
3
울산호텔현대
29
37
3
0
울진백암온천한화리조트
11
15
1
1
0
0
0
0
워커힐호텔패키지
5,126
5,906
9
227
워킹홀리데이비행기표
9
8
3
2
워터프론트라훅
6
9
1
0
워터프론트막탄
117
87
9
1
워터프론트세부
77
53
10
0
원그린벨트호텔
0
1
5
0
원더러스트
227
151
0
0
원스타호텔시멘
12
7
3
0
원월드호텔
24
17
0
0
원일레븐
29
44
2
0
원주오크밸리리조트
512
571
9
9
원주오크밸리콘도
33
12
3
1
원주오크벨리
542
950
7
5
원주한솔오크밸리
369
583
9
6
원주호텔인터불고
85
56
9
3
월스트리트인
1
3
0
0
웨스턴조선서울
53
49
3
1
웨스턴조선호텔서울
46
18
9
0
웨스트엔드호텔
10
5
9
0
웨스틴나고야캐슬
24
19
0
0
웨스틴도쿄
90
63
9
2
웨스틴도쿄호텔
4
3
3
0
웨스틴부산
114
71
3
0
웨스틴시레이베이
281
246
3
2
웨스틴조선부산
4,801
5,053
10
52
웨스틴조선부산패키지
10
9
3
2
웨스틴조선비치
60
32
9
0
웨스틴조선서울
2,930
3,015
9
16
웨스틴조선해운대
38
32
5
0
웨스틴쿠알라룸푸르
11
4
0
0
웨이하이
2,382
3,289
3
1
웰컴피람호텔
6
3
0
0
웰컴호텔타이베이
16
10
2
1
위드더스타일후쿠오카
78
67
9
6
위해리조트
7
7
2
0
위해숙박
5
2
0
0
위해항공권
157
76
10
13
위해호텔예약
13
1
0
0
윈드힐
101
80
2
4
윈라스베이거스
14
1
3
0
윈저스윗
28
9
3
0
윌하우스
37
26
1
0
유니조시부야
23
11
6
1
유니조오사카
11
18
2
0
유니코프리미어메트로링크호텔
10
0
6
0
0
0
0
0
유럽2성급호텔
13
38
1
1
유럽3성급호텔
31
44
2
0
유럽4성급호텔
20
33
3
0
유럽내저가항공
522
127
9
29
유럽땡처리
223
219
10
26
유럽땡처리항공
102
63
9
13
유럽리조트
26
28
9
0
유럽숙박
227
155
10
14
유럽숙박비
135
201
8
1
유럽숙소예약
218
132
9
9
유럽아파트먼트
4
5
3
0
유럽여행티켓
58
50
7
1
유럽왕복비행기값
64
127
9
1
유럽왕복항공비
2
5
0
0
유럽유스호스텔
302
241
6
19
유럽일급호텔
21
20
1
0
0
0
0
0
유럽크루즈여행
452
777
8
29
유럽클럽리조트
17
6
2
1
유럽특급호텔
5
5
3
0
유럽항공권공동구매
2
0
0
0
유럽항공권추천
8
0
0
0
유럽행저가항공
19
13
3
3
유럽호텔검색
3
1
2
0
유로스타즈로마에테르나
23
3
0
0
유로스타호텔
217
221
6
4
유로아시아호텔
5
3
8
0
유로클럽펜션
29
11
9
0
유로펜션리조트
13
6
4
0
유로펜션클럽
13
11
3
0
유로호스텔
48
25
6
0
유명한제주여행사
2
0
10
0
유성관광호텔
226
246
6
1
유성리베라
647
696
3
0
유성인터시티호텔
47
60
3
0
유성호텔아드리아
2
3
1
0
유성호텔추천
14
20
3
0
유성호텔패키지
18
18
3
1
유성호텔할인
8
6
9
0
유양호텔
25
20
9
0
유채꽃밸리펜션
19
28
8
2
유캐슬호텔
1,929
1,797
9
44
유토피아호텔
325
404
6
4
유티에스빌리지
335
161
9
8
0
0
0
0
율리시스호텔
11
8
3
0
을왕리골든리조트
208
299
5
10
을지로국도호텔
17
17
2
0
이글포인트리조트
17
6
8
0
이든하우스
74
105
6
0
이로제주
322
171
7
6
이로제주펜션
1,245
646
8
39
이로펜션
947
495
9
28
이브스키호텔
3
4
3
0
이비스도쿄신주쿠
57
21
7
2
이비스런던블랙프라이어스
28
12
2
0
이비스런던시티
17
11
3
0
이비스밀라노센트로
21
14
6
0
이비스방콕
64
63
3
1
이비스방콕사톤
22
15
3
0
이비스상하이유가든
18
11
2
0
이비스시드니달링하버
20
10
3
1
이비스싱가포르온벤쿨렌
32
6
5
0
이비스싱가폴
32
39
3
0
이비스앰배서더
747
381
10
3
이비스앰배서더강남
2,451
3,391
9
18
이비스앰배서더명동
1,507
480
7
8
이비스앰배서더부산시티센터
212
50
8
4
이비스앰배서더서울
119
43
9
0
이비스앰배서더수원
893
1,699
10
7
이비스앰배서더호텔
118
57
10
0
이비스앰버서더호텔
150
48
9
1
이비스앰베서더부산
19
22
8
0
이비스앰베서더호텔
52
47
3
0
이비스엠배서더서울
2
1
3
0
이비스엠버서더
762
730
3
2
이비스엠버서더부산
717
513
9
15
이비스엠버서더서울
20
2
0
0
이비스엠버서더호텔
90
81
7
0
이비스엠베서더
386
383
5
5
이비스엠베서더부산
131
102
8
3
이비스프라하말라스트라나
28
3
3
1
이비스프라하올드타운
34
19
3
0
이비스호텔부산
36
27
8
2
이비스홍콩노스포인트
96
50
3
1
이비스홍콩센트럴셩완
250
164
7
13
이스타제주도
47
71
9
0
이스타항공예약
232
151
10
3
이스탄불공항호텔
66
37
3
3
이스탄불호스텔
258
248
9
2
이스턴파크
260
131
0
0
이스턴파크리조트
548
330
5
9
이스트게이트타워호텔
68
26
9
1
이스트아시아호텔
32
23
9
0
이안레지던스
685
756
9
12
이안레지던스호텔
98
54
5
4
이즈미르호텔
16
27
10
0
이집트항공사
8
11
2
0
이천미란다
3,304
5,061
9
57
이케부쿠로로얄호텔
57
30
3
2
이케부쿠로선샤인호텔
9
7
1
0
이코노미호텔
373
301
8
3
이탈리아관광지
759
445
9
2
이탈리아왕복비행기값
5
19
3
0
이태리호스텔
3
4
9
0
이태원GV레지던스
412
422
9
14
이태원ITW호텔
45
32
3
3
이태원크라운호텔
239
342
7
5
이튼홍콩
106
119
3
0
이하우스호텔
32
23
2
1
이호텔히가시신주쿠
26
22
10
0
인더시티레지던스
701
616
9
15
인더시티레지던스호텔
13
7
3
0
인도네시아숙소
16
6
10
1
인민광장호텔
26
32
0
0
인사동서머셋팰리스
18
14
2
0
인사동센터마크
869
1,405
3
34
인사동센터마크호텔
42
55
8
1
인스부르크숙소
32
34
3
0
인스부르크호텔
25
18
10
0
인천강화펜션
203
263
10
14
인천골드스카이리조트
12
13
3
0
인천공항근처숙박시설
8
5
3
0
인천공항베스트웨스턴
228
193
4
9
인천공항베스트웨스턴호텔
21
26
3
2
인천공항부근숙박
9
20
10
0
인천공항부근숙소
13
22
10
2
인천공항비지니스호텔
27
20
3
2
인천공항숙박추천
6
10
3
0
인천공항신도시펜션
3
2
0
0
0
0
0
0
인천공항오션사이드
54
30
6
0
인천공항인근숙박
8
15
10
1
인천공항인근숙소
22
12
10
1
인천공항주변숙박시설
8
5
0
0
인천공항주변펜션
10
3
3
0
인천공항주변호텔추천
5
4
6
0
인천공항하얏트리젠시
80
65
7
3
인천공항허니문
19
18
9
1
인천공항호텔할인
30
58
10
2
인천국제공항숙소
52
80
10
2
인천라마다송도호텔
88
53
9
1
인천베니키아호텔
64
94
7
1
인천베스트웨스턴
311
292
8
8
인천베스트웨스턴송도
4
1
3
0
인천베스트웨스턴송도파크호텔
5
1
3
0
인천베스트웨스턴프리미어
3
2
3
0
인천베스트웨스턴호텔
480
320
9
9
인천비치관광호텔
54
46
9
0
인천송도쉐라톤
219
277
3
8
인천송도쉐라톤호텔
69
71
4
4
인천송도호텔
1,938
2,505
9
57
인천쉐라톤가격
5
9
3
0
인천쉐라톤워커힐
855
620
5
25
인천쉐라톤호텔예약
13
10
3
2
인천쉐라톤호텔패키지
59
51
5
4
인천에어포트
160
120
9
0
인천이쁜펜션
19
50
7
4
인천지역호텔
57
17
10
1
인천테마펜션
124
55
5
11
인천하버파크
457
514
9
5
인천하버파크호텔
826
898
10
9
인천하얏트
2,157
1,932
9
18
인천하얏트리젠시
4,731
6,999
10
36
인천하얏트리젠시가격
13
34
0
0
인천하얏트리젠시패키지
263
584
5
5
인천하얏트리젠시허니문
5
4
3
0
인천하얏트리젠시허니문패키지
8
4
0
0
인천하얏트패키지
773
1,190
3
12
인천하얏트호텔허니문
0
6
0
0
인천하얏트호텔허니문패키지
1
2
0
0
인천허니문호텔
46
45
9
2
인천호텔허니문
9
8
3
0
인청공항호텔
40
16
5
1
인터내셔널호스텔카오산후쿠오카
30
6
3
0
인터라겐숙소
32
22
1
5
인터라켄
6,958
8,293
3
1
인터라켄동역호텔
24
18
1
0
인터불고대구
910
1,191
10
5
인터불고엑스코
1,631
2,892
9
10
인터불고엑스코호텔
53
35
0
0
인터불고원주
824
813
9
4
인터불고원주호텔
19
4
2
1
인터불고호텔원주
148
183
9
1
인터시티호텔
791
780
10
4
인터시티호텔프랑크푸르트
20
14
7
0
인터컨티넨탈그랜드스탠포드홍콩
109
50
8
0
인터컨티넨탈도쿄베이
34
28
7
1
0
0
0
0
인터컨티넨탈아나만자비치리조트
42
14
5
3
인터컨티넨탈오사카
180
131
6
7
인터컨티넨탈코엑스
1,579
1,032
8
17
인터컨티넨탈쿠알라룸푸르
11
10
0
0
인터컨티넨탈호텔
6,293
6,199
3
0
인터컨티넨탈호텔코엑스
137
85
3
0
인터콘티낸탈
12
23
2
0
인터콘티넨탈호텔코엑스
88
58
3
0
인터파크싱가폴
33
24
2
9
인하우스호텔
124
73
10
4
일몬테호텔
31
21
8