전세계(국내외) 60만여개 호텔 실시간 예약
아고다(agoda) 사이트 바로가기
<==
클릭
​
=호텔가격비교 전세계 80만여개 호텔 실시간 예약=
호텔스컴바인(hotelscombined) 바로가기
<==
클릭
오키나와3박4일
760
777
10
18
2
오키나와긴급모객
12
17
7
2
23
오키나와단체여행
4
10
10
0
3
오키나와땡처리
227
326
9
28
13
오키나와땡처리여행
2
2
9
0
5
오키나와모두투어
10
15
7
1
10
오키나와배낭여행
102
85
10
0
0
오키나와비용
67
157
9
0
0
오키나와비행기가격
2
10
0
0
0
오키나와비행기값
116
254
9
2
1
오키나와비행기표
161
259
10
6
3
오키나와아시아나항공
15
12
3
1
9
오키나와일정
260
322
3
0
0
오키나와자유
48
27
8
1
3
오키나와자유여행
10,666
19,524
10
294
2
0
0
0
0
0
오키나와저가항공권
18
9
10
1
8
오키나와저가항공사
7
2
2
1
20
오키나와저렴한항공권
4
1
0
0
0
오키나와저렴한호텔
28
41
10
0
1
오키나와직항
303
281
10
8
3
오키나와진에어
153
304
9
4
2
오키나와초특가
9
7
3
0
0
오키나와최저가항공권
7
1
3
2
37
오키나와클럽메드
448
688
9
19
4
오키나와티켓
33
32
8
2
8
오키나와패키지여행
255
408
10
20
9
오키나와편도항공권
6
8
3
0
0
오키나와할인항공권
109
106
10
12
11
오키나와항공권
7,444
7,841
10
367
5
오키나와항공권가격비교
520
460
10
43
9
오키나와항공권땡처리
7
3
7
0
9
오키나와항공권예약
62
65
10
6
11
오키나와항공권할인
4
8
0
0
0
오키나와항공료
31
55
7
1
3
오키나와항공사
35
14
8
0
1
오키나와해외여행
7
9
10
0
8
오키나와행비행기
4
12
2
0
16
오키나와허니문
93
118
10
7
8
오키나와호텔
4,647
6,464
10
225
5
오키나와호텔가격
18
28
10
0
2
오키나와호텔예약
492
388
10
42
9
오키나와호텔특가
11
5
9
0
2
오키나와호텔할인
10
4
10
1
16
오타루관광
50
42
3
0
0
0
0
0
0
0
0
0
0
0
0
오하후
81
73
3
2
2
온라인모두투어
7
7
9
0
9
온라인여행
101
51
7
0
0
온라인여행사
1,048
499
10
18
1
온라인항공
353
122
8
7
2
온라인항공권예약
6
7
9
0
4
0
0
0
0
0
온천가족여행
42
57
8
0
2
온천여행상품
6
1
3
0
13
온천여행지
51
94
7
0
1
온천여행지추천
9
12
2
0
0
온천패키지여행
4
6
7
0
3
올댓여행
477
210
2
5
1
올댓트레블
19
7
2
0
4
올란도관광
17
8
6
0
3
올랜도비행기
19
26
8
2
12
올랜도여행경비
8
8
2
0
4
올랜도호텔추천
5
9
0
0
0
와이키키관광
4
20
0
0
0
와이키키쉐라톤호텔
2
4
10
0
0
와이키키자유여행
5
3
0
0
0
와이키키하얏트리젠시
17
19
3
0
1
와카야마관광
9
5
3
0
4
왕망령
104
74
0
0
0
왕복비행기
19
32
3
0
4
왕복비행기표
8
16
3
0
0
왕복항공권
168
142
10
2
1
왕복항공료
13
8
3
0
2
왕코르와트여행
3
4
3
0
0
외국비행기표
15
20
9
0
2
외국여행패키지
4
8
3
0
8
외국항공권
168
80
10
6
3
외국항공권예약
27
9
9
1
5
외국호텔사이트
20
13
9
1
5
외국호텔예약
315
229
10
20
7
요나고골프
1
1
3
0
0
요나고아시아나
3
4
1
0
0
요나고항공
13
9
7
0
2
요나고항공권
30
50
9
2
6
요르단비행기표
1
6
0
0
0
요르단여행경비
8
19
3
0
0
요르단여행사
10
9
3
2
22
요르단항공
81
51
7
1
2
요르단항공권
14
17
9
1
8
요코하마여행정보
0
0
0
0
0
요코하마호텔
200
220
10
8
4
0
0
0
0
0
우드랜드파타야
20
21
2
1
7
우레시노관광
45
21
3
0
0
우루무치관광
5
7
3
0
0
우루무치비행기
4
7
3
0
0
우루무치여행
268
370
9
10
4
우루무치항공권
8
11
9
0
1
우붓관광
33
71
0
0
0
우수여행상품
60
17
9
0
1
우즈백항공
73
45
3
0
0
우즈베키스탄
17,331
33,920
10
30
0
우즈베키스탄골프
100
88
9
4
4
우즈베키스탄관광
41
53
8
0
2
우즈베키스탄비용
2
6
0
0
0
우즈베키스탄비행기
31
65
7
0
1
우즈베키스탄비행기값
15
46
7
0
7
우즈베키스탄여행사
13
9
9
0
9
우즈베키스탄항공사
9
2
2
0
4
우즈벡
1,566
2,823
9
2
0
우한비행기
10
10
3
1
18
우한직항
5
7
1
0
11
우한항공
4
6
5
0
10
우한항공권
11
13
8
2
18
운젠관광
9
4
2
0
0
울란바토르항공권
23
20
10
1
9
울령도여행
79
87
9
7
9
울륭도관광
24
17
6
4
21
울륭도여행
117
209
6
16
14
울릉도독도여행패키지
4
0
10
0
5
울릉도자유여행경비
6
11
10
0
0
울산모두투어
88
99
9
3
4
울산모두투어여행사
3
5
0
0
0
울산여행사
896
1,083
9
43
5
울산허니문여행사
40
24
9
4
10
워싱턴DC항공권
3
3
10
0
0
워싱턴대한항공
9
21
3
0
0
워싱턴비행기
34
74
9
1
3
워싱턴비행기요금
1
3
3
0
0
워싱턴비행기표
9
16
10
0
4
워싱턴여행사
5
17
9
0
2
워싱턴직항
22
28
3
0
1
0
0
0
0
0
워싱턴항공권
77
60
10
7
10
워싱턴항공권가격
0
1
0
0
0
워싱턴항공권구매
0
0
0
0
0
워싱턴항공료
14
11
9
0
2
워싱턴호텔
228
183
10
5
2
워싱턴호텔예약
16
13
10
1
7
워싱턴호텔추천
15
8
6
0
2
워싱턴힐튼
11
12
2
1
21
워싱턴힐튼호텔
14
11
1
2
17
워싱톤할인항공권
0
0
0
0
0
워싱톤항공권
3
2
0
0
0
원가게
31
96
2
1
8
원가계
691
1,243
9
3
0
원가계여행사이트
0
0
0
0
0
원주모두투어
39
48
5
1
3
원주여행사
199
274
9
8
4
월드클럽메드
134
102
2
0
0
월셔호텔
5
6
1
1
25
웨딩박람
105
175
9
3
3
웨딩허니문
16
8
3
0
4
웨딩허니문박람회
9
3
0
0
0
웨스틴괌
238
233
10
3
1
웨스틴리조트괌
151
125
10
3
2
웨스틴마우이리조트
24
27
10
0
0
웨이하이비행기
9
8
2
0
0
웨이하이비행기표
4
2
9
0
8
웨이하이항공
8
16
3
0
8
웨이하이항공편
3
7
3
0
11
웰링턴관광
13
8
3
0
0
위니펙항공
3
0
3
0
11
위해골프
641
625
10
30
4
위해관광
120
107
9
5
5
위해비행기
25
22
9
1
7
위해비행기표
20
23
9
2
13
위해아시아나
13
11
2
0
2
위해여행단체
2
2
0
0
0
위해여행사
7
11
3
0
0
위해여행지
3
4
0
0
0
위해저가항공
5
6
7
0
2
위해직항
4
15
3
0
11
위해항공
27
16
9
2
11
위해항공권
92
86
10
7
9
위해항공료
10
12
9
0
10
위해항공편
11
21
5
1
11
윈라스베가스
44
26
0
0
0
유나이티드항공가격
11
6
2
0
6
유나이티드항공권
15
4
8
0
4
유나이티드항공권예약
3
0
0
0
0
유나이티드항공예매
8
3
3
0
4
유나이티드항공예약
90
45
9
2
3
유나이티드항공특가
9
5
3
0
0
유나이티드항공티켓
6
5
0
0
0
유나이티드항공학생
14
7
0
0
0
유니버셜스튜디오재팬예약
21
18
0
0
0
유니버셜스튜디오재팬할인
47
35
9
1
4
유래일
42
26
9
0
1
유럽10일여행
59
65
7
1
2
0
0
0
0
0
유럽2주여행
70
87
4
1
1
유럽3개국여행
30
29
8
0
3
유럽3주여행
55
88
5
1
2
유럽7박8일
24
43
6
1
7
유럽7일
16
31
2
1
11
유럽가는비행기표
5
2
0
0
0
유럽가볼만한곳
56
95
9
0
0
유럽가족여행
403
631
10
15
3
유럽가족여행경비
38
56
8
1
3
유럽가족여행비용
15
33
8
0
0
유럽가족여행패키지
8
9
9
0
3
유럽겨울배낭여행
26
34
2
0
0
유럽겨울여행추천
52
69
1
0
0
유럽골프
24
38
3
0
0
유럽긴급모객
11
20
9
2
26
유럽내저가항공
264
112
7
13
5
0
0
0
0
0
유럽땡처리
115
168
10
12
11
유럽땡처리여행
5
19
9
0
4
유럽렌트
93
99
8
5
6
유럽믹스팩
8
2
7
0
1
유럽배낭여행저렴
1
2
0
0
0
유럽배낭여행준비물
433
685
9
2
0
유럽배낭여행지
10
2
0
0
0
유럽배낭여행항공권
42
31
9
1
4
유럽배낭전문
0
0
0
0
0
유럽배낭추천
6
8
0
0
0
유럽배낭항공권
4
0
0
0
0
유럽부부여행
4
3
2
0
0
0
0
0
0
0
유럽비행기가격
6
22
3
0
0
유럽비행기예매
22
20
8
1
5
유럽비행기예약
41
45
9
0
2
유럽비행기티켓
98
78
10
8
8
유럽비행기표가격
9
28
9
0
2
유럽비행기표가격비교
12
5
10
0
2
유럽비행기표값
2
25
9
0
0
유럽비행기표싼곳
1
2
0
0
0
유럽비행기표예매
11
3
10
1
10
유럽비행기표예약
28
47
10
2
8
유럽세일
46
101
3
0
1
유럽스위스
81
100
0
0
0
유럽스위스여행
3
5
3
0
11
0
0
0
0
0
유럽스페인여행
1
5
0
0
0
유럽신혼
7
13
3
0
0
유럽싸게가는법
27
40
10
0
0
유럽싼항공권
5
0
10
0
8
유럽아시아나
16
16
2
1
10
유럽아시아나항공
9
19
3
0
7
유럽야간열차
679
573
9
29
4
유럽야간열차예약
122
74
9
5
5
유럽얼리버드항공권
864
688
9
43
5
유럽여름휴가
6
8
3
0
0
유럽여행
25,031
43,354
10
637
2
유럽여행7일
12
26
5
0
5
유럽여행견적
21
20
9
1
8
유럽여행계획
505
369
10
2
0
유럽여행권
17
12
1
2
13
유럽여행기차
48
57
3
1
3
유럽여행긴급모객
3
1
0
0
0
유럽여행동유럽
0
3
0
0
0
유럽여행땡처리
32
65
9
4
15
0
0
0
0
0
유럽여행모두투어
3
5
3
0
22
유럽여행부산출발
1
2
0
0
0
유럽여행비수기
310
491
8
2
0
유럽여행비행기
303
328
8
12
4
유럽여행비행기표
31
23
9
1
4
유럽여행성수기
200
251
9
0
0
유럽여행여행사
144
127
10
6
4
유럽여행여행사추천
52
37
10
1
3
유럽여행일주일
76
145
9
1
1
유럽여행저렴하게
11
9
9
0
1
유럽여행전문여행사
48
42
10
2
5
유럽여행조기예약
0
1
0
0
0
유럽여행초특가
0
7
0
0
0
유럽여행최저가
12
10
6
1
13
유럽여행추천상품
2
1
0
0
0
유럽여행추천여행사
14
14
9
0
0
유럽여행추천지
272
465
9
1
0
유럽여행터키
18
37
0
0
0
유럽여행테마
79
49
2
0
0
유럽여행투어
36
68
10
0
2
유럽여행티켓
49
56
9
1
3
유럽여행패키지
4,522
7,845
10
278
6
유럽여행패키지비용
115
262
10
5
4
유럽여행패키지추천
26
45
10
1
6
유럽여행필수준비물
14
29
0
0
0
유럽여행항공
151
134
9
4
2
유럽여행항공권
649
445
10
23
3
유럽여행항공권예약
50
20
7
1
3
유럽여행홈쇼핑
20
54
2
0
2
유럽연수
22
22
10
0
1
0
0
0
0
0
유럽왕복비행기값
90
247
9
1
2
유럽왕복항공권
71
89
10
2
4
유럽왕복항공료
12
16
3
0
0
유럽일주비용
31
98
9
0
1
유럽자동차여행루트
5
5
1
0
0
유럽자동차일주
4
2
0
0
0
유럽자유배낭
8
0
7
0
6
유럽저가여행
22
15
9
0
2
유럽저가항공권
42
24
9
2
6
유럽저가항공권예약
3
1
3
0
0
유럽저가항공사
1,071
319
9
37
3
유럽저가항공사이트
148
118
3
10
7
유럽저가항공예약
558
198
9
25
5
유럽저렴한여행
2
6
0
0
0
유럽저렴한항공
11
10
3
0
0
유럽지중해여행
3
5
2
0
0
유럽직항
150
143
9
2
1
유럽철도패스
55
29
9
1
3
유럽체코
33
50
3
0
2
유럽초저가여행
3
1
0
0
0
유럽초특가
4
5
10
0
0
유럽최저가항공
19
20
5
3
16
유럽최저가항공권
15
9
7
1
8
유럽최저항공권
7
2
3
1
14
유럽캠핑투어
0
1
0
0
0
유럽커플여행
21
46
8
0
0
유럽크루즈
148
177
10
7
5
유럽크루즈여행
439
1,072
9
21
5
유럽특가
188
131
10
2
1
유럽티켓
49
46
9
1
2
유럽파리여행
10
16
3
0
0
유럽패키지
524
784
10
37
7
유럽패키지여행사
21
18
10
0
3
유럽패키지여행상품
4
32
10
0
5
유럽패키지여행추천
12
38
10
0
5
유럽페키지여행
6
32
10
0
1
유럽편도
28
51
6
1
4
유럽편도항공권
36
32
9
4
13
0
0
0
0
0
유럽프랑스여행
2
2
0
0
0
유럽한국여행
2
3
0
0
0
유럽한달여행비용
11
30
3
0
0
유럽할인항공
41
21
10
3
10
유럽할인항공권예약
6
4
10
0
3
유럽항공가격
9
14
3
0
9
유럽항공가격비교
17
1
2
4
28
유럽항공권가격
224
313
10
5
2
유럽항공권가격비교사이트
4
2
3
0
8
유럽항공권공동구매
3
0
0
0
0
유럽항공권구매
12
8
9
0
4
유럽항공권구입
14
7
10
0
5
유럽항공권땡처리
13
12
9
1
8
유럽항공권비교
18
9
9
1
8
유럽항공권비용
5
7
0
0
0
유럽항공권사이트
27
15
8
1
5
유럽항공권세일
1
0
0
0
0
유럽항공권싸게
26
14
9
0
2
유럽항공권싸게구입
3
1
0
0
0
유럽항공권싸게사기
7
9
3
0
0
유럽항공권싸게사는방법
1
0
0
0
0
유럽항공권싸게사는법
66
31
8
2
3
유럽항공권싼곳
6
3
9
0
10
유럽항공권여행사
4
1
3
0
22
유럽항공권예매
68
37
10
5
8
유럽항공권예약
232
160
10
10
4
유럽항공권예약사이트
6
3
3
0
13
유럽항공권저렴
4
1
10
0
5
유럽항공권저렴한곳
0
0
0
0
0
유럽항공권조회
2
1
0
0
0
유럽항공권최저가
15
3
9
1
8
유럽항공권추천
7
4
0
0
0
유럽항공권특가
1,461
1,246
10
76
5
유럽항공권판매
0
0
0
0
0
유럽항공권편도
8
11
3
0
9
유럽항공권프로모션
3,355
3,115
9
157
4
유럽항공권할인
11
12
10
1
12
유럽항공료
38
46
9
1
3
유럽항공사
258
241
10
3
1
유럽항공사이트
7
5
1
0
10
유럽항공원
13
1
3
0
2
유럽항공추천
8
9
0
0
0
유럽항공티켓
15
8
9
1
7
유럽항공편
19
17
9
0
2
유럽항공편예약
2
1
0
0
0
유럽항공표
2
0
0
0
0
유럽항공프로모션
1,144
811
6
50
4
유럽항공할인
7
4
9
0
6
유럽행비행기
78
112
9
4
6
유럽행비행기표
7
2
7
0
0
유럽행항공권
8
5
10
0
3
유럽호텔예약
195
90
10
9
5
유럽호텔팩여행사
6
10
3
1
25
유럽환갑여행
10
23
6
1
10
유럽효도여행
77
83
9
9
13
유레일세이버패스
45
38
5
2
6
유레일시간표
168
63
6
5
3
유레일연속패스
15
17
3
1
12
유레일타임테이블
157
48
8
4
3
유레일플렉시패스
117
66
9
5
4
유렵여행
426
242
9
10
2
유렵항공권
14
2
8
0
3
유명한여행사
43
46
2
1
2
유아여행
219
410
9
5
2
유에스항공
19
5
2
0
3
유지니아호텔
6
13
3
0
0
유학생비행기
6
8
2
0
13
유후인여행경비
6
9
0
0
0
유후인예약
16
17
8
1
9
유후인자유여행
165
183
9
9
6
유후인패키지
36
68
9
3
11
융캉제
1,527
3,035
1
0
0
융프라우관광
24
16
9
0
2
융프라우비용
18
17
2
0
0
융프라우요흐
1,274
1,450
3
1
0
융프라우패키지
6
8
8
0
0
융프라우팬션
17
12
1
2
11
융프라우펜션
291
404
1
1
0
은시대협곡
192
302
2
21
11
을릉도2박3일여행
2
0
7
0
0
의정부모두투어
13
30
2
0
0
이란여행경비
4
7
2
0
16
이모두투어
48
12
5
6
15
이비스런던
42
31
2
0
1
이비스얼스코트
45
62
9
0
2
이비스호텔런던
5
2
1
0
25
이사벨허니문
0
0
0
0
0
이스라엘여행경비
6
20
2
0
0
이스라엘요르단여행
6
4
3
0
5
이스타항공대만
716
468
6
29
4
이스타항공방콕
504
475
3
11
2
이스타항공오사카
444
727
9
5
1
이스타항공일본
192
198
9
1
0
이스타항공코타키나발루
175
208
7
3
1
이스탄불땡처리
7
3
7
0
6
이스탄불비행기
39
49
9
1
4
이스탄불비행기표
7
9
10
0
5
이스탄불숙소추천
99
90
8
1
1
이스탄불아시아나
32
42
0
0
0
이스탄불에어텔
3
7
10
0
13
이스탄불여행패키지
3
1
0
0
0
이스탄불저가항공
53
26
9
1
3
이스탄불저렴한호텔
7
6
3
0
4
0
0
0
0
0
이스탄불추천호텔
4
3
3
0
0
이스탄불터키항공
15
7
2
0
0
이스탄불티켓
8
10
3
2
25
이스탄불패키지
9
6
9
0
10
이스탄불할인항공권
4
2
10
0
20
이스탄불항공
180
108
10
4
2
이스탄불항공권
345
261
10
19
6
이스탄불항공권가격
10
6
3
0
0
0
0
0
0
0
이스탄불항공편
3
4
3
0
0
이스탄불호텔예약
8
1
10
0
6
이스탄불호텔추천
242
208
10
2
1
이스터섬관광
8
7
2
1
18
이우관광
6
9
2
0
13
이집트관광
109
57
9
3
3
이집트비행기값
34
107
5
2
8
이집트비행기표
6
14
10
0
3
이집트여행
2,884
5,044
10
75
2
이집트여행전문
2
0
3
0
0
이집트여행지
31
20
0
0
0
이집트여행추천
3
5
3
0
0
이집트여행패키지
8
6
7
1
16
0
0
0
0
0
이집트전문여행사
11
7
8
0
3
이집트터키여행
15
14
6
0
3
이집트항공
302
174
9
5
1
이집트항공권
116
88
10
5
4
이집트항공사
11
8
2
0
0
이집트항공예약
2
0
3
1
50
이천여행사
82
95
9
1
2
이탈리아개별여행
0
2
0
0
0
이탈리아관광명소
337
220
9
0
0
이탈리아관광일정
1
3
0
0
0
이탈리아단기여행
3
4
0
0
0
이탈리아땡처리
7
9
9
0
4
이탈리아베네치아여행
33
10
8
0
2
이탈리아베니스여행
32
20
9
0
0
이탈리아비행기
218
253
10
4
2
이탈리아비행기값
388
978
9
8
2
이탈리아비행기티켓
11
8
9
0
0
이탈리아비행기표
22
47
10
1
4
0
0
0
0
0
이탈리아스위스여행
73
72
9
4
6
이탈리아신혼
8
12
2
0
0
이탈리아여행경로
31
10
0
0
0
이탈리아여행세트
0
0
0
0
0
이탈리아여행일정
514
361
10
3
0
이탈리아여행항공권
3
11
3
0
0
이탈리아왕복비행기
2
13
0
0
0
이탈리아일정
137
117
3
0
0
이탈리아일주일여행
116
191
0
0
0
이탈리아지중해크루즈
0
0
0
0
0
이탈리아직항
294
363
8
6
2
이탈리아철도패스
28
18
9
0
3
이탈리아추천
29
26
0
0
0
이탈리아폼페이여행
5
3
2
0
0
이탈리아할인항공권
3
3
10
0
15
이탈리아항공
628
353
9
12
2
이탈리아항공권
720
735
10
29
4
이탈리아항공권가격
19
11
10
0
0
이탈리아항공권예약
28
31
10
1
5
이탈리아항공료
17
33
9
0
0
이탈리아항공편
20
22
3
1
5
이탈리아행비행기
7
9
3
1
14
이탈리아호텔
299
316
10
8
3
이탈리여행
5
5
0
0
0
이태리가볼만한곳
11
17
3
1
9
이태리관광지
21
32
3
0
1
이태리밀라노
202
335
10
1
0