==전세계 50만여개 호텔 실시간 예약==
​
아고다 사이트(agoda) 바로가기
<==클릭
=호텔가격비교 전세계 호텔 60만여개 실시간 예약=
호텔스컴바인(hotelscombined) 바로가기
<== 클릭
삿포로비스타호텔
16
9
7
0
삿포르
674
817
6
3
삿포르여행
212
186
7
8
상트페테르부르크크루즈
7
7
1
0
상해동리
9
2
2
0
상해부산항공권
9
4
0
0
상해서당
62
43
2
0
상해수학여행
6
5
2
0
상해인민광장
282
419
0
0
상해일일여행
2
9
2
0
상해자유여행코스
342
138
8
4
0
0
0
0
상해크루즈
31
32
7
2
새만금관광
239
185
4
3
샌디에이고여행
329
312
9
3
생태체험학습
55
18
3
0
샤를드골공항TGV
46
21
2
0
샤먼골프장
1
5
1
0
샹그리라라사센토사
6
2
0
0
샹그리라보라카이
11
12
3
0
샹그리라탄중아루
12
24
3
1
서교CC
12
11
3
1
서부지중해크루즈
45
55
8
2
서산모두투어
6
10
2
0
서아프리카여행
113
173
2
3
서울근교당일치기여행추천
4
5
0
0
서울근교주말여행
42
53
9
1
서울모두투어
16
7
2
0
서울에서가까운기차여행
19
39
2
0
서울에서가까운동해바다
792
1,669
2
0
서울에서독도
21
35
3
0
서울에서독도가는방법
6
5
3
0
서울에서독도가는법
1
2
0
0
서울에서백두대간협곡열차여행
0
1
0
0
서울에서울릉도
301
372
9
2
서울에서울릉도가는길
7
10
9
0
서울에서울릉도가는방법
30
23
9
0
서울에서울릉도가는법
15
11
3
0
서울여수버스
290
436
0
0
서울여행지
1,998
2,190
3
1
서울역기차여행
63
178
6
2
서울역출발기차여행
13
12
3
1
서울울릉도
88
100
9
1
서울출발기차여행
28
38
2
2
서울출발울릉도
4
1
3
0
서원벨리컨트리클럽
20
13
2
0
서유럽12일
15
42
7
1
서유럽1월여행
2
2
0
0
서유럽3개국패키지
8
24
8
1
서유럽3국
38
35
6
6
서유럽3국8일
4
4
2
0
서유럽3국패키지
7
10
2
1
서유럽4개국여행
33
17
9
1
서유럽4개국패키지
5
10
8
0
서유럽4국
20
27
3
0
서유럽4국10일
7
14
2
0
서유럽5개국여행
5
19
2
0
서유럽5국
6
3
0
0
서유럽6개국12일
15
13
2
1
서유럽6개국여행
12
7
5
0
서유럽8일
11
14
8
0
서유럽9박10일
15
20
5
0
서유럽기차여행
6
1
3
0
서유럽나라
119
191
3
0
서유럽배낭여행추천
1
0
0
0
서유럽여행모두투어
1
2
0
0
서유럽여행비
3
5
0
0
서유럽여행여행사추천
2
3
0
0
서유럽여행추천여행사
2
6
0
0
서유럽일정
28
25
8
0
서유럽크루즈
14
16
2
1
서유럽패키지여행경비
3
10
3
0
서유럽페키지여행
0
0
0
0
서일본
73
54
0
0
서지중해크루즈
12
2
2
0
서큘러키
120
144
0
0
서프라이즈호텔
0
3
0
0
서해안일출명소
4
6
1
0
서호주관광
6
5
3
0
서호주신혼여행
5
9
0
0
서호주허니문
4
1
0
0
석가장태항산
5
6
0
0
석노인CC
31
29
3
1
석노인골프장
47
26
9
0
석도
477
563
0
0
석도CC
2
0
0
0
선운사꽃무릇
95
145
0
0
선유도관광
149
116
9
3
선인골프
20
10
2
0
설악산2박3일
87
83
1
0
설악산국립공원등산코스
2
5
1
0
설악산단풍절정
12
9
0
0
설연휴가족여행
3
3
6
0
섬여행추천지
7
1
1
0
섬진강매화축제가는길
2
3
0
0
성남모두투어
6
10
3
0
성도관광지
17
13
3
0
성인봉
527
1,046
3
0
성인봉등반
21
12
3
0
성인봉등산
228
320
9
2
성인봉등산코스
189
140
3
0
성인봉모텔
15
5
2
1
성인봉산행
11
5
3
0
성인봉코스
12
30
3
0
성지순례여행사
171
95
9
18
성지순례전문여행사
12
8
9
1
성지순례크루즈
18
14
3
1
세계3대미항
1,231
3,801
0
0
세계여행
4,215
4,442
10
30
세계여행크루즈
11
25
2
1
세계일주여행상품
6
5
0
0
세계일주크루즈
197
292
6
9
세계일주크루즈여행
28
16
4
1
세계크루즈여행
33
45
7
1
세고비아여행
96
119
0
0
세도나여행
89
87
4
2
세렝게티사파리
25
25
2
0
세미패키지
445
320
7
35
세부샹그릴라신혼여행
1
5
0
0
세부샹그릴라허니문
7
4
0
0
세부신혼여행리조트
5
13
0
0
세부싱글여행
1
2
0
0
세부알타비스타CC
8
2
3
0
세부에스카야
5
3
1
0
세부여행모두투어
2
3
0
0
세부패키지여행사추천
3
0
0
0
세부플라잉베베
9
18
3
1
세부플랜테이션베이가격
18
40
9
0
세부허니문경비
0
0
0
0
세부허니문리조트
8
5
0
0
세부허니문리조트추천
0
0
0
0
세비야관광
175
178
0
0
세비야대성당
661
859
0
0
세비야투어
45
52
7
1
세비야플라멩고
453
725
0
0
세이셸리조트
40
42
9
1
세인트루이스여행
94
107
5
0
센추리CC
44
47
2
0
센츄리21골프장
10
0
1
0
0
0
0
0
셀러브리티크루즈
98
74
7
1
셀레브리티크루즈
22
8
1
0
소네바키리
297
336
8
14
소매물도2박3일
8
6
2
0
소셜커머스해외
3
4
0
0
속초블라디보스톡
394
269
1
0
속초파인리즈CC
236
132
5
2
솔로여름휴가
76
107
3
0
송백CC
41
28
5
1
송백골프
11
10
3
0
송산공항
1,498
1,210
2
2
송지아리조트
170
168
1
11
쇼셜커머스해외여행
14
6
0
0
쇼셜해외여행
4
12
0
0
쇼엔소료칸
3
5
3
0
수도권파3
351
268
2
0
수라바야여행
30
25
5
1
수원모두투어
33
49
8
0
수학여행추천
44
68
10
0
숙박패키지
246
187
10
8
순경온천
5
17
2
0
순천골프
76
75
7
0
순천모두투어
18
10
2
1
순천여행사
113
112
9
3
쉐라톤몰디브
55
43
3
1
슈트케이스
475
613
10
13
슈퍼스타버고
7
8
3
0
0
0
0
0
스리랑카위치
56
209
2
0
스웨덴크루즈
2
6
2
0
스위스ICE
9
11
1
0
스위스유럽여행
11
8
0
0
스위스현지여행사
77
34
8
16
스이카넥스가격
22
9
0
0
스캐그웨이
27
29
2
0
스쿠터제주여행
13
11
1
0
스쿠터타고제주여행
1
1
0
0
스타쿠르즈
43
55
2
0
스타크루즈
1,022
667
9
13
스타크루즈버고
25
14
2
1
스타크루즈버고호
101
48
8
2
스타크루즈버고호가격
1
0
3
0
스타크루즈여행
9
4
3
0
스타크루즈예약
7
7
6
0
스타크루즈제미니
21
12
2
0
스타크루즈제미니호
37
17
2
0
스타크루즈호가격
1
2
3
0
0
0
0
0
스톡홀름지도
89
34
0
0
스페인7박8일
37
29
6
0
0
0
0
0
스페인여행준비물
776
907
3
10
스페인크루즈
15
13
9
0
스페인포르투갈패키지
11
17
5
1
슬로베니아기후
3
4
2
0
시가고원
8
12
2
0
시드니가볼만한곳
141
335
3
3
시드니땡처리
29
20
9
3
시드니백팩커
754
639
3
42
시드니백팩커스
58
52
7
1
시드니야경투어
62
50
3
3
시드니현지투어
60
31
8
8
시라무런초원
31
21
1
0
시라큐스공항
19
11
0
0
시라하마
472
602
6
5
시바산소
22
14
5
2
0
0
0
0
시애틀게스트하우스
280
188
7
18
시애틀크루즈
16
32
3
1
시에라리온여행
80
87
2
0
시엠립
991
1,011
3
0
시엠립여행
75
63
8
0
시엠립자유여행
27
21
3
0
시원한휴가지
242
436
2
2
시윈드
14
5
2
0
시이바산소
31
15
8
1
시저스팰리스
133
187
8
0
시즈오카료칸
52
10
9
4
시카고패키지
35
23
8
1
시하누크빌
1,431
1,581
5
17
신논현역여행사
5
27
2
0
0
0
0
0
신부반값
18
18
9
2
신비의섬울릉도
10
3
3
0
신사역여행사
23
17
1
0
신시내티여행
43
32
2
0
신안군홍도
22
22
0
0
신안오스타CC
2
0
0
0
신주꾸
580
1,722
0
0
신주꾸여행
8
9
3
0
신주쿠관광
205
325
0
0
신주쿠닛코
9
7
0
0
신주쿠볼거리
1,286
1,511
0
0
신주쿠하얏트리젠시
52
62
3
1
신쥬쿠
259
310
0
0
신쥬쿠호텔
32
21
3
1
신한여행
164
103
3
6
신한올댓여행
841
491
2
0
신한올댓트래블
69
20
2
0
신한카드모두투어
50
10
2
7
신한카드여행바우처
4
0
2
0
신한카드여행사
203
150
2
5
신한카드여행센터
39
14
3
1
0
0
0
0
신한카드올댓트래블
147
63
0
0
신한카드트레블
14
2
2
0
신한트래블
60
20
2
0
신혼부부제주도여행
1
6
0
0
신혼부부제주여행
3
1
0
0
신혼여행끄라비
4
5
0
0
신혼여행라스베이거스
3
1
0
0
신혼여행모두투어
6
6
3
0
신혼여행몰디브가격
15
35
3
0
신혼여행몰디브비용
17
64
0
0
신혼여행몰디브추천
2
1
0
0
신혼여행발리추천
2
0
0
0
신혼여행발리후기
3
3
0
0
신혼여행보라보라
24
17
3
0
신혼여행비교견적
1
0
0
0
신혼여행사이트추천
2
0
0
0
신혼여행사전예약
0
1
0
0
신혼여행세부리조트
0
2
0
0
신혼여행세부패키지
0
0
0
0
0
0
0
0
신혼여행오스트레일리아
1
1
0
0
신혼여행와이키키
2
2
0
0
신혼여행인도
10
55
3
0
신혼여행전문사이트
1
0
0
0
신혼여행제주도여행사
0
0
0
0
신혼여행조기예약
10
6
9
0
신혼여행지괌
12
20
0
0
신혼여행지인기
0
0
0
0
신혼여행지제주도
6
3
0
0
신혼여행지좋은곳
2
0
0
0
신혼여행지추천지
1
0
3
0
신혼여행지필리핀
0
4
0
0
신혼여행추천보라카이
0
0
0
0
신혼여행추천비용
2
0
0
0
신혼여행추천사이트
1
2
0
0
신혼여행캄보디아
2
5
3
0
신혼여행팔라완
7
14
8
0
신혼여행푸켓견적
0
0
0
0
신혼여행푸켓추천
1
1
0
0
신혼여행푸켓후기
2
0
0
0
신혼여행호텔패키지
2
1
0
0
실버시
3
3
2
0
실버시크루즈
22
18
2
1
실속여행
44
36
8
0
실시간긴급모객
4
7
0
0
실야라인
356
187
2
0
실크로드여행기
5
9
0
0
실키오크
9
4
0
0
심천관광지
28
49
7
0
심천광명골프장
6
1
0
0
싱가포르모두투어
3
2
3
0
싱가포르성수기
30
45
2
0
싱가포르신혼여행비용
0
5
0
0
싱가포르크루즈
50
34
8
2
싱가포르크루즈여행
12
20
9
0
싱가폴골프
103
160
7
5
싱가폴스타크루즈
17
24
2
1
싱가폴신혼여행견적
4
1
0
0
싱가폴신혼여행경비
6
18
3
0
싱가폴신혼여행비용
19
36
7
0
싱가폴저가
39
29
3
1
싱가폴허니문가격
0
2
0
0
싱가폴홀리데이
61
64
2
1
싸이판맛집
49
75
1
0
0
0
0
0
싼동남아여행지
3
4
0
0
싼여행사
191
198
8
15
쌍계사벚꽃축제
6
3
6
0
썬라이트게스트호텔
3
7
0
0
썬스타호
25
13
2
1
썬플라워호예약
30
13
4
1
썸밋
14
24
0
0
쎈추리21CC
16
7
2
0
쎈츄리21CC
6
1
2
0
쓰루패스할인
6
2
0
0
쓰리랑카여행
89
347
1
3
쓰리판와오션풀스윗
0
0
0
0
씨드니
9
17
0
0
씨번크루즈
3
0
1
0
씨본크루즈
0
1
0
0
씨스타호
758
532
5
10
씨애틀관광
32
40
3
1
씨티파크CC
49
29
2
0
씨패션호텔
32
11
5
0
씨플라워호
520
195
4
12
아가랑여행
12
55
0
0
아기랑여름휴가
943
3,383
8
20
아기여름휴가
265
797
3
7
아기와발리여행
22
20
2
0
아기와여름휴가
977
2,760
8
17
아기와함께여행
124
180
8
3
아기와해외여행추천
13
29
5
1
아기휴가지
24
49
1
0
아다아란오션빌라
60
32
6
1
아델스코트골프장
5
15
2
0
아델힐
3
1
0
0
아들레이드
429
385
9
0
아라퀸즈호
325
206
1
1
아라퀸즈호가격
8
24
1
1
아라퀸즈호배편예약
15
12
1
0
아르헨티나숙박
6
6
0
0
아르헨티나자유여행
15
26
3
1
아름다운섬여행
18
20
1
0
아리마온천가격
137
109
2
5
아리마온천사이트
4
2
0
0
아리마온천입장료
8
7
0
0
아리조나여행
48
51
2
1
아리화호텔
29
14
1
3
아마가세온천
27
51
3
0
아마란스방콕
5
5
0
0
아마존크루즈
4
6
1
0
아마추어대회
45
63
2
0
아말라풀빌라
6
12
3
0
아메리카신혼여행
2
1
0
0
아비뇽TGV
33
31
2
0
아비숑
271
712
2
0
아빠와여행
138
236
6
3
아사히가와
164
117
2
0
아산모두투어
13
22
2
0
아세아니아리조트
79
44
0
0
아소다카모리
324
157
8
14
아소야마나미
239
187
3
25
아소팜
400
476
6
9
아소팜빌리지패키지
2
2
0
0
아시아크루즈여행
18
14
8
2
아오모리현
322
250
0
0
아오야마고쇼후루사토관
19
20
0
0
아오지마
92
76
1
0
아요다리조트
3
1
0
0
아웃리거라구나풀빌라
70
51
7
0
아유로베다
17
35
2
0
아유타야골프장
3
2
3
0
아이데리고여행
25
53
3
2
아이동반여행
17
31
2
2
아이들과가족여행
8
13
3
0
아이들과여름휴가
1,819
1,971
10
50
아이들하고가볼만한곳
23
64
2
2
아이리스일본온천
8
18
2
0
아이와괌여행
45
137
0
0
아이와놀러갈만한곳
59
167
9
1
아이와세부여행
27
71
1
0
아이와오사카여행
32
58
2
2
아이와함께갈만한곳
19
46
3
0
아이와함께괌
7
17
2
0
아이와함께떠나는리조트여행
18
19
2
0
아이와함께여름휴가
1,634
3,026
10
42
아이와함께하는여행
49
57
7
0
아이와함께해외여행추천
9
3
0
0
아일랜드하이더웨이
23
17
3
0
아타미료칸
12
23
8
0
아테네크루즈
5
5
3
0
아틀란타여행
323
500
8
3
아틀란타호텔
29
14
9
0
아프리카기차여행
26
22
1
1
0
0
0
0
아프리카사파리여행
17
20
7
0
아프리카사파리투어
24
8
2
2
아프리카오버랜드
4
10
3
0
0
0
0
0
아프리카케냐여행
64
66
3
2
아프리카크루즈
1
6
0
0
아프리카트럭투어
17
13
3
0
아프리카패키지
34
51
8
2
아프리카현지여행사
4
2
3
1
안나푸르나트래킹
261
125
9
12
안동모두투어
12
12
3
1
안산모두투어
21
40
8
1
안성중앙CC
68
45
3
3
안탕산
83
92
3
3
알라바마여행
19
14
2
0
알라스카크루즈
316
248
6
17
알래스카크루즈가격
7
29
2
0
알레스카크루즈
69
94
5
4
알레스카크루즈여행
11
9
4
0
알타비스타리조트
99
45
9
0
알함브라궁전투어
76
54
6
6
암보셀리
40
60
0
0
암보셀리국립공원
66
73
0
0
앙겔레스렌트카
1
0
0
0
앙겔레스바바에
1
2
0
0
앙겔레스호텔
12
16
3
1
0
0
0
0
앙코르CC
6
4
3
0
앙코르골프장
2
0
2
0
앙코르와트경비
20
38
0
0
앙코르와트골프
6
0
3
0
앙코르와트모두투어
2
9
2
0
앙코르와트일정
73
52
3
0
앙코르왓트자유여행
7
7
0
0
앙헬레스게스트하우스
17
12
3
1
앙헬레스바파인
52
58
0
0
앙헬레스사바나호텔
1
2
0
0
앙헬레스콘도
20
20
3
0
애틀란타
3,319
4,923
3
0
애플CC
17
16
3
0
앨리스게스트하우스
84
82
1
5
앨리스호텔
10
10
2
0
야간열차여행
14
25
2
1
야간열차텔로
21
10
2
3
야경열차
8
19
1
0
야나가와뱃놀이
446
404
3
10
야마구치료칸
5
20
3
0
야반도주여행
2
2
3
0
야쿠시마
1,086
945
9
19
0
0
0
0
양곤관광지
14
19
2
0
양떼목장당일치기
59
93
4
4
양마도CC
14
10
3
0
양마도골프장
8
6
3
0
양주여행
221
372
9
1
어린이날갈만한곳
13
44
10
0
어린이날해외여행
0
17
0
0
어린이여행추천
13
12
2
0
어린이해외여행추천
20
8
2
1
얼리버드괌
13
4
1
0
얼리버드여행
35
31
6
4
얼리버드특가
67
45
8
1
에어텔오사카
16
8
8
0
에어텔중국
4
2
0
0
에어텔풀빌라
3
2
0
0
에어프랑스에어텔
25
7
9
2
에이파모사
164
117
7
6
에이파모사골프
10
1
4
0
에콰도르호텔
5
4
7
0
엘니도라겐
128
126
7
6
엘살바도르여행
83
71
2
0
여름가족해외여행추천
518
485
6
27
여름국내여행
1,563
1,993
10
19
여름스위스여행
27
23
3
0
여름커플휴가
50
88
3
1
여름패키지여행
20
24
10
0
0
0
0
0
여름휴가철
643
589
3
0
여수1박2일
1,015
997
3
23
여수2박3일
1,526
1,200
3
2
여수모두투어
16
22
1
1
여수엑스포여행
57
54
3
0
여수투어
277
307
3
0
여자둘이해외여행
202
375
0
0
여자둘해외여행
61
91
2
1
여자여행
395
973
3
0
여자혼자여행하기좋은곳
5,657
10,866
9
95
여행국내
9
20
2
0
여행반값
15
7
7
3
0
0
0
0
여행사비교
301
109
8
19
여행사상품
33
31
7
0
여행사전화번호
18
15
2
1
여행사제주도여행
5
13
0
0
여행사패키지상품
16
18
3
0
여행상품패키지
4
0
3
0
여행소셜
307
155
8
16
여행싸게가기
22
23
3
0
여행열차
24
42
2
1
여행초특가
7
37
3
1
<form method="post" name="ncform" action="file:///C:/url.php"></form>
69
54
7
4
7
역삼역여행사
23
21
2
0
연길골프
43
13
3
5
연대골프장
4
1
2
0
연말해외여행
54
81
4
1
연말해외여행추천
3
2
3
0
연인과제주도여행
2
1
0
0
연태남산골프
19
16
2
1
연태남산골프장
13
7
3
0
연태동해CC
127
99
9
7
연휴가족여행
1
0
3
0
열차관광
123
234
7
6
열차상품
1
4
3
0
열차여행추천
15
2
3
0
열차테마여행
7
23
2
1
0
0
0
0
영국테마여행
4
1
3
0
영동와인기차
1
5
4
0
예멘여행
169
240
3
0
예복한복대여
2
8
3
0
예식한복대여
14
54
10
1
옌타이골프
11
13
2
0
오끼나와3박4일비용
1
0
0
0
오끼나와메리어트
25
22
2
3
오대산코스
31
48
0
0
오동도관광
67
85
2
2
오동도동백열차
1,038
1,983
1
1
오레곤여행
44
41
0
0
오르골당
49
45
0
0
오르세미술관가는길
63
138
0
0
오리엔탈번드
116
72
3
2
오베르쉬르우아즈
810
825
0
0
오사까민박
11
5
3
1
오사카갈만한곳
300
337
0
0
오사카고베여행
73
50
3
0
오사카료칸추천
161
128
9
7
오사카모두투어
11
13
3
1
오사카민박집
24
57
8
3
오사카배편
1,108
649
2
143
오사카여관
117
87
3
14
오사카여행에어텔
4
6
0
0
오사카주변호텔
71
59
9
3
오사카주유패스2일권가격
35
33
2
2
오사카최저가
128
87
8
8
오세아니아크루즈
18
32
2
0
오션스프링리조트
29
34
4
2
오션풀빌라
14
36
2
0
오션플라워호
494
447
2
40
오스타골프리조트
4
2
0
0
오스트리아3박4일
20
11
2
0
오스트리아가이드
21
17
7
2
오스트리아빈숙소
272
180
5
9
오스트리아빈여행지
12
0
0
0
오아시스크루즈
42
84
2
1
오차드
286
507
10
0
오차드로드맛집
262
932
0
0
오카야마골프
1
0
0
0
오카야마료칸
5
10
5
0
오카야마온천
22
18
3
0
오클라호마여행
53
63
2
0
오클랜드가볼만한곳
8
32
3
0
오키나와3박4일비용
10
3
3
0
오키나와4박5일자유여행
25
34
3
1
오키나와가는법
62
45
2
0
오키나와가볼만한곳
84
111
3
1
오키나와나고
36
37
1
0
오키나와다이와로이넷
31
17
3
1
오키나와더블트리
49
43
3
0
오키나와도깨비
7
18
2
0
오키나와렌트카가격
26
28
2
0
오키나와렌트카자유여행
0
4
0
0
오키나와류큐온천
9
5
1
1
오키나와르와지르이스트
42
26
1
0
오키나와리브레가든
46
34
1
0
오키나와리브레가든호텔
22
9
1
1
오키나와만자비치
212
325
1
2
오키나와메르큐르
12
20
1
0
오키나와메리어트리조트앤스파
13
5
10
1
오키나와미야코
99
74
9
1
오키나와부세나리조트
497
711
2
45
오키나와비치타워리조트
342
389
9
12
오키나와산마리나
6
12
2
0
오키나와산마리나호텔
7
4
1
0
오키나와섬
316
385
3
2
오키나와섬투어
16
16
2
0
오키나와스노쿨링
920
986
5
30
오키나와스마일
24
24
3
0
오키나와썬마리나
42
43
2
2
오키나와아리비라
10
14
1
1
오키나와여자혼자
14
21
1
0
오키나와여행비
8
9
0
0
오키나와여행에어텔
1
0
0
0
오키나와온천
453
606
7
4
오키나와일일투어
26
20
5
2
오키나와잘프라이빗
25
50
4
0
오키나와전문
14
4
3
1
오키나와추천리조트
15
9
6
0
오키나와키세비치
39
25
1
0
오키나와튠호텔
163
116
1
15
오키나와호텔팩
16
20
5
1
오키나와효도여행
9
7
8
0
오타루자유여행
8
5
0
0
오투컨트리클럽
15
4
2
0
오하나베이뷰괌
6
1
3
0
오하우골프
4
8
0
0
오하우크루즈
4
10
0
0
오하우투어
11
9
2
0
오하우하얏트
51
72
0
0
오하이오여행
41
38
2
0
옥룡설산트레킹
21
7
6
1
옥토퍼스카드
1,862
2,022
2
80
온라인모두투어
4
4
8
0
온라인여행사순위
25
4
0
0
온양온천패키지
16
11
7
3
온천여행추천
41
23
9
0
온타리오여행
9
7
3
0
올댓여행
980
377
2
22
올댓트레블
28
4
2
0
올란도여행
96
87
8
2
올랜도여행일정
10
5
0
0
올렛길
199
267
8
1
올티가스
229
275
0
0
올후벨리리조트
29
23
3
0
와이너리
1,526
2,565
0
0
와이키키리조트신혼여행
4
0
0
0
와이키키신혼여행
3
11
10
0
와이키키허니문
2
1
0
0
와인시네마열차
753
1,412
5
50
와카야마게스트하우스
20
15
3
0
와카야마료칸
36
62
4
1
외국여행패키지
19
17
3
1
외국인여행사이트
17
8
2
0
외도관광패키지
0
0
0
0
외도당일기차여행
9
3
0
0
외도당일치기
36
67
7
1
외도무박여행
22
33
9
3
외도보타니아
4,435
11,627
9
40
외도여행비용
6
11
1
0
외도투어
26
28
3
2
외환카드모두투어
11
6
0
0
외환카드여행
254
116
2
27
외환카드여행사
28
33
0
0
요나고료칸
20
54
2
2
요르단관광
37
34
6
0
요코소오사카
218
159
3
6
0
0
0
0
요코하마국립
9
4
0
0
요코하마랜드마크
49
76
0
0
요코하마하나비
38
68
0
0
용평GC
147
102
0
0
우레시노온천
341
280
10
6
우르과이여행
22
18
2
0
우릉도
55
90
2
0
우릉도여행
7
5
3
0
우리들컨트리클럽
28
10
0
0
우리카드여행사
11
4
0
0
우메다게스트하우스
101
82
1
18
우베골프
4
2
2
0
우붓맛집
223
519
0
0
우붓여행
109
118
7
2
우에노공원벚꽃
18
13
0
0
우전해수욕장
1,989
3,285
1
3
우즈베키스탄골프투어
9
4
8
1
우즈벡골프여행
8
13
7
0
운젠료칸
70
49
8
5
운젠온천
153
86
8
2
울렁도
74
142
7
5
울렁도관광
6
7
3
1
울령도
337
545
7
12
울령도가는길
35
40
4
5
울령도관광
37
50
5
4
울령도배편
34
27
3
3
울령도여행
133
107
8
10
울루와뚜사원
147
151
2
0
울룽도
150
191
8
6
울륭도관광
29
31
5
2
울르도
26
11
2
1
울르도여행
7
3
3
1
0
0
0
0
울를도
29
20
3
0
울를도여행
15
4
8
0
울릉도
25,411
25,655
10
357
0
0
0
0
울릉도2박3일
760
496
10
34
울릉도2박3일여행코스
708
154
8
36
울릉도3박4일
207
127
7
17
0
0
0
0
울릉도가기
42
47
3
3
울릉도가는길
105
213
9
1
울릉도가는배
225
234
9
2
울릉도가는배편
72
47
8
1
울릉도가볼만한곳
186
661
9
1
울릉도강릉
138
134
8
2
울릉도관광명소
8
10
3
0
울릉도관광상품
5
6
10
0
울릉도관광안내
7
1
7
0
울릉도관광지도
563
210
7
6
울릉도교통편
29
31
3
0
0
0
0
0
울릉도기차여행
16
18
6
1
울릉도낚시
1,014
1,161
9
13
울릉도낚시여행
68
43
2
5
울릉도도동항
110
95
0
0
울릉도독도박물관
27
7
0
0
울릉도독도배
254
251
3
17
울릉도독도배편
73
28
7
1
울릉도독도여행
1,149
1,120
10
77
울릉도독도여행경비
10
31
3
0
울릉도독도여행비용
4
5
0
0
울릉도독도전망대
10
6
0
0
울릉도독도탐방
16
18
2
0
울릉도독도패키지
33
22
9
3
울릉도둘레길
112
115
3
0
울릉도따개비밥
14
24
0
0
울릉도따개비칼국수
24
102
1
0
울릉도렌터카
154
96
8
21
울릉도명소
59
88
3
0
울릉도모노레일
208
433
3
4
울릉도모텔
926
618
9
63
울릉도묵호
46
42
3
0
울릉도묵호항
70
48
3
0
울릉도민박집
14
25
9
1
울릉도민박추천
382
323
8
10
울릉도바다낚시
65
46
4
1
울릉도배
904
756
9
18
울릉도배삯
48
119
7
1
울릉도배시간
468
766
9
9
울릉도배편시간표
14
16
2
1
울릉도배편요금
7,205
11,076
9
211
울릉도배표예약
93
50
8
6
울릉도부산출발
4
10
8
1
울릉도비박
66
56
0
0
울릉도비용
25
42
3
1
울릉도사동
63
53
2
0
울릉도선박
61
32
9
0
울릉도선박예약
40
7
8
1
울릉도선박요금
9
1
3
0
울릉도선편
5
0
3
0
울릉도선표
84
10
9
3
울릉도선표예약
29
2
9
2
울릉도섬일주
21
22
3
1
울릉도성인봉등반
19
11
3
1
울릉도성인봉등산
60
23
9
0
울릉도셔틀
108
77
8
5
울릉도셔틀버스
128
39
6
11
울릉도수학여행
8
0
3
0
울릉도숙박시설
40
30
5
0
울릉도숙박요금
118
75
9
7
울릉도숙박추천
909
599
10
47
울릉도싸게가는방법
5
11
3
0
울릉도아라퀸즈호
0
1
0
0
울릉도약소고기
22
99
2
0
울릉도에서독도
292
360
8
4
울릉도여객선터미널
211
210
8
1
울릉도여행2박3일
16
1
3
0
울릉도여행기
21
20
2
0
울릉도여행사진
6
5
1
0
울릉도여행싸게가는법
3
1
0
0
울릉도여행일정
22
3
3
1
울릉도여행패키지
88
87
10
5
울릉도여행하기좋은계절
11
12
2
0
0
0
0
0
울릉도예매
22
7
3
0
울릉도오징어축제
1,294
2,193
1
0
울릉도오토캠핑
25
11
0
0
울릉도오토캠핑장
21
16
0
0
울릉도와독도
82
49
3
0
울릉도일주
34
34
3
2
울릉도저동항
137
107
3
0
울릉도죽도
399
427
3
0
울릉도죽도관광
14
11
3
0
울릉도지도
1,060
749
2
0
울릉도캠핑
465
446
2
15
울릉도캠핑장
515
598
3
59
울릉도콘도
88
94
6
3
울릉도택시
164
202
2
9
울릉도테마여행
26
15
3
1
울릉도트래킹
93
72
3
3
울릉도팬션
666
544
9
60
울릉도팬션추천
9
2
3
2
울릉도펜션추천
595
401
10
40
울릉도포항
136
177
5
5
울릉도할인
35
17
9
1
울릉도항
38
23
2
0
울릉도해상유람선
11
5
2
0
울릉도향토사료관
13
2
2
0
울릉도호텔
833
590
9
27
울릉도혼자여행
92
90
8
3
0
0
0
0
울릉리조트
16
7
3
0
울릉여행
18
6
9
0
울릉펜션
51
19
5
2
울릉호텔
161
80
8
3
울산골프클럽
171
222
2
0
울산모두투어
98
155
9
5
울산에서울릉도
26
49
3
0
울산에서울릉도여행
12
3
3
1
울산출발국내여행
48
28
1
1
울산출발울릉도여행
16
9
8
3
울산컨트리클럽
221
329
0
0
워싱턴DC
838
768
0
0
워싱턴DC관광지
14
4
0
0
워싱턴DC위치
17
16
0
0
워싱턴DC호텔
100
70
7
3
워싱턴관광지
43
47
2
0
워싱턴디씨호텔
5
10
2
0
워싱턴주여행
27
21
2
0
워터랜드
529
1,081
4
11
원가게
55
69
2
1
원당종마목장
556
1,492
0
0
원주레일바이크
3,931
7,241
1
146
월드리조트PIC
43
32
0
0
월드리조트후기
3
5
0
0
0
0
0
0
웨딩한복대여
194
249
10
17
웨딩한복대여점
0
1
0
0
웨스턴호텔
655
510
10
4
웨스트민스터민박
3
11
1
1
웨스틴시레이베이풀빌라
4
7
0
0
웨스틴씨레이사라풀빌라
0
0
0
0
웨이하이포인트
1,097
2,265
8
50
위니펙여행
24
22
2
0
위해스톤베이
28
12
3
1
위해웨이하이포인트
15
3
0
0
위해탑CC
18
12
2
0
위해호당가
10
4
2
1
윈드스타크루즈
5
2
3
0
윈저팍
10
6
2
0
유니랜드CC
146
92
9
5
유다온천
35
32
2
0
유람선투어
16
11
1
0
유럽11월여행
11
5
0
0
유럽4개국
35
36
6
0
유럽6개국
20
15
3
0
유럽8일
13
22
2
0
유럽가이드여행
14
23
10
0
유럽고속철도
13
8
2
0
유럽기차가격
54
39
5
1
유럽기차노선
27
16
2
2
유럽기차여행
299
412
9
9
유럽기차예매
24
33
6
1
유럽기차종류
33
25
2
0
유럽기차표
44
42
4
5
유럽리버크루즈
22
30
2
1
유럽배낭여행가이드
5
6
0
0
유럽배낭전문여행사
1
0
0
0
유럽버스여행
49
23
5
1
유럽세미패키지
525
398
8
69
유럽얼리버드
535
225
8
15
유럽여행100만원
3
4
0
0
유럽여행11월
27
36
0
0
유럽여행4월
11
28
2
0
유럽여행5박6일
9
14
5
0
유럽여행6월
9
11
3
0
유럽여행7월
8
22
2
0
유럽여행9박10일
17
33
2
0
유럽여행가볼만한곳
7
17
2
0
유럽여행기념품
360
972
1
0
유럽여행기차
63
62
3
3
유럽여행사진
295
625
10
3
유럽여행스위스
53
67
0
0
유럽여행신발
892
1,268
3
11
유럽여행싸게가는방법
8
7
6
0
유럽여행얼리버드
27
12
2
2
유럽여행이벤트
71
52
9
1
유럽여행저렴하게가는방법
4
8
2
0
유럽여행저렴하게가는법
3
2
0
0
유럽여행크루즈
4
1
0
0
유럽여행한달비용
208
301
6
1
유럽열차가격
14
7
3
0
유럽열차여행
15
11
3
2
유럽일주비용
85
100
8
1
유럽일주패키지
3
10
3
0
유럽장기여행
68
93
9
3
유럽철도노선
44
12
2
6
유럽철도시간
7
32
3
0
유럽철도시간표
21
21
2
0
유럽철도여행
47
35
8
2
유럽체험여행
6
5
2
0
0
0
0
0
유럽크루즈여행비용
11
22
7
0
유럽한달여행경비
369
380
3
2
유럽한달여행비용
12
22
6
0
유럽현지여행사
121
56
8
16
유럽호스텔
523
375
9
38
유럽호텔패키지
9
8
10
0
유명여행지
56
74
2
0
0
0
0
0
유아가족여행
42
69
5
2
유아동반가족여행
20
24
7
0
유아동반여름휴가
25
25
3
1
유아동반해외여행추천
47
32
8
2
유아여름휴가
412
532
9
5
유아휴가지
31
67
2
1
유후인게스트하우스
342
223
7
9
유후인료칸자유여행
214
148
9
9
유후인마키바노이에
228
191
9
5
유후인여관
12
29
4
0
유후인이요토미
201
106
4
7
유후인이치젠료칸
47
100
3
0
유후인패키지
39
46
9
5
은혼식여행
4
8
2
0
을릉도
629
854
9
16
을릉도1박2일
3
2
2
0
을릉도가는길
16
21
3
1
을릉도관광
39
15
9
2
을릉도낚시
20
15
3
0
을릉도민박
46
25
5
3
을릉도배
9
17
3
0
을릉도배편
105
51
8
4
을릉도숙박
57
49
6
4
을릉도여행
240
136
9
16
을릉도여행사
9
17
7
1
을릉도콘도
4
1
0
0
이글루호텔
43
161
6
0
이라크여행
475
863
1
0
이벤트열차
10
46
6
0
이브스키
123
93
8
1
이스라엘여행일정
4
1
2
0
이스타항공오키나와
0
5
0
0
이스탄불맛집
1,001
1,963
0
0
이스탄불시내투어
15
9
3
1
이스탄불크루즈
35
47
2
0
이스턴호텔
340
360
6
4
이즈온천
46
59
6
1
이지카드
550
448
6
12
이집트패키지여행
18
20
7
3
이천모두투어
17
24
3
0
이쿼녹스호
6
2
2
0
이탈리아비용
9
23
3
0
이탈리아여행경로
16
7
0
0
이탈리아지중해크루즈
2
1
2
0
이탈리아현지여행사
43
25
6
5
이태리여행준비물
292
337
8
2
이태리크루즈
10
19
2
1
이토온천
20
9
3
0
익산시여행사
4
9
0
0
인도겨울여행
15
18
3
0
인도네시아가족여행
21
16
3
0
인도네시아골프여행
18
19
8
0
인도네시아골프장
53
42
5
1
인도네시아관광지
156
194
8
1
인도델리
570
520
3
1
인도명상여행
12
18
3
4
인도신혼여행
111
526
9
1
인도여행일정
18
15
3
1
인도여행코스
55
43
7
0
인도타지마할여행
15
5
3
2
인도허니문
6
12
2
0
인상여강쇼
23
6
1
1
인스부르크여행
84
107
9
0
인천비치관광호텔
54
46
9
0
인천출발기차여행
9
4
1
1
인천출발크루즈
55
53
4
4
인천출발크루즈여행
22
40
3
2
인타논
11
13
2
0
인타논CC
16
0
2
0
인타논골프장
14
2
2
1
인터넷박람회
6
1
3
0
인텍스오사카
60
26
2
0
일리노이여행
16
10
0
0
일본2박3일자유여행
66
53
6
4
일본겨울여행추천
16
2
5
0
일본골프추천
5
1
0
0
일본골프클럽
25
38
6
1
일본관광가이드
112
124
10
1
일본교토위치
46
94
2
0
일본동경여행코스
25
13
8
0
일본동경패키지
14
7
6
1
일본료칸여행패키지
5
4
5
2
일본문화체험
173
153
8
1
일본밤도깨비
917
781
8
123
일본배
994
960
5
66
일본배편
1,706
994
6
129
일본배편가격
18
21
0
0
일본벳부호텔
4
14
2
0
일본부엉이
43
89
3
2
일본북해도자유여행
74
20
9
2
일본사가현
529
490
2
0
일본사가호텔
26
14
4
2
일본삿뽀로
203
221
9
2
일본센다이여행
19
33
2
3
일본쇼핑여행
284
568
9
4
일본신혼여행지
7
16
8
0
일본신혼여행지추천
1
1
0
0
일본아오모리온천
2
4
3
1
일본에어텔추천
6
2
10
0
일본여행1박2일
51
59
6
5
일본여행가이드
347
330
10
6
일본여행선물
2,205
5,595
3
4
일본여행쿠폰
18
7
2
2
일본여행패키지가격
19
44
7
1
일본오사까
21
17
2
0
일본오사카교토
58
32
2
1
일본오키나와여행경비
11
24
2
0
일본오키나와온천여행
7
3
1
0
일본오키나와패키지여행
5
12
1
1
일본온천2박3일
4
0
6
0
일본온천료칸
41
34
9
1
일본온천리조트
14
5
7
<form method="post" name="ncform" action="file:///C:/url.php"></form>
22
25
6
0
1
일본온천패키지여행
8
8
9
1
일본올빼미
114
119
6
13
일본유후인료칸
98
66
9
4
일본인관광
43
49
7
1
일본인기제품
28
24
2
0
일본전국여행
58
60
3
2
일본전통온천
9
20
3
0
일본카멜리아
26
27
7
0
일본코코파리조트
6
11
2
0
일본쿠르즈여행
10
7
4
1
일본클럽매드
18
21
6
0
일본토마무
9
1
3
0
일본하코네온천
24
38
8
0
일본할인쿠폰
19
10
2
2
일본행크루즈
3
9
3
0
일본현지투어
125
62
9
16
일본홈쇼핑
200
125
9
4
일본훗카이도자유여행
9
12
2
1
일본휴양지
605
881
8
7
일산모두투어
29
56
3
2
일산치즈체험
26
58
2
4
일일기차여행
18
47
5
1
일주일간해외여행
2
34
0
0
일주일해외여행추천
18
49
3
0
임산부해외여행
363
741
10
4
임신여행
268
561
9
2
임신중해외여행
149
433
9
1
임신해외여행
194
404
2
1
자금성여행
50
27
2
1
자메이카리조트
13
28
2
0
자유기차여행
26
36
2
3
자유여행견적
4
7
3
1
자유여행싱가폴
4
10
5
0
자유홍콩여행
3
3
0
0
자전거제주여행
7
16
1
1
자카르타관광
250
187
9
2
잠비아여행
110
118
7
2
장가계1월
6
5
1
0
장가계3월
0
3
3
0
장가계4월
1
2
3
0
장가계7월
15
22
2
0
장가계겨울여행
45
51
6
1
장가계북경
26
24
6
1
장가계여행준비물
793
948
2
16
장가계일정
12
16
3
0
장가계장사
15
11
2
0
장가계전세기
27
16
3
1
장기유럽여행
35
36
6
4
0
0
0
0
재주도신혼여행
5
2
9
0
저가크루즈
2
0
3
0
저가패키지
24
24
2
3
저가패키지여행
32
13
6
3
저동항
266
209
2
0
저렴하게제주도여행가기
0
0
0
0
저렴한골프여행
17
10
9
1
저렴한동남아패키지
46
31
8
5
저렴한크루즈
3
1
8
0
저렴한패키지여행
35
37
9
3
저스트슬립
443
296
8
5
전국골프장
2,053
2,911
9
12
전국기차여행
137
203
1
15
전국일주여행
549
480
3
15
전국파3골프장
34
18
2
0
전라도2박3일여행
528
521
3
1
전라도섬여행
865
1,131
7
13
전라도추천여행지
82
58
3
0
0
0
0
0
전라북도여행코스
75
54
3
0
전북1박2일여행
19
26
2
0
전주시티투어
1,179
1,044
2
46
전주투어
758
1,337
3
15
전주한옥마을기차
100
162
0
0
전주한옥마을단체숙박
195
110
8
18
전주한옥마을숙소
958
1,273
6
50
전주한옥마을펜션
6,976
6,439
9
689
전주한옥펜션
737
798
4
128
전주한옥호텔
458
507
2
2
전통료칸
62
38
10
1
정동진기차예매
21
20
3
1
정선5일장기차
42
105
6
1
정선5일장먹거리
91
132
2
0
정선구절리
86
88
2
0
정선기차여행
370
666
9
16
정선눈꽃열차
3
2
3
0
정선당일치기
102
167
2
3
정선장
600
1,437
2
3
정선함백산
48
102
2
0
제남골프
25
11
3
0
제미니호
51
68
2
1
제이케이투어
5
8
2
0
제주2인골프장
2
5
3
0
제주2인라운딩
50
19
8
1
제주9홀
5
6
2
0
제주골프2인
21
8
7
2
제주골프2인플레이
19
22
8
1
제주도1박2일여행추천
0
0
0
0
제주도2박3일여행코스경비
1,068
76
3
20
제주도2인골프패키지
26
8
8
2
제주도골프장회원권
14
21
7
1
제주도로신혼여행
0
5
0
0
제주도리더스
54
18
2
1
제주도명품골프장
4
5
3
0
제주도신혼여행지추천
3
0
0
0
제주도여행비수기
48
48
2
3
제주도여행시꼭가봐야할곳
5
9
0
0
제주도여행시꼭가야할곳
3
3
0
0
제주도여행추천장소
7
5
0
0
제주도여행하기좋은곳
14
8
0
0
제주도여행항공사
10
3
2
0
제주도항공권사이트
3
2
0
0
제주도허니문여행사
2
0
10
0
제주롯데호텔빌라스위트
9
10
0
0
제주모두투어
88
58
5
10
제주신혼여행지
3
1
0
0
제주여행스쿠터
5
11
2
0
제주여행일정짜기
16
14
2
0
제주여행자전거
8
15
0
0
제주저렴하게여행
2
1
0
0
제천모두투어
7
7
2
0
조기예약
31
14
8
2
조용한여름휴가지추천
23
29
0
0
조잔케이온천
193
174
4
6
조호바루리조트
12
8
5
0
주가각
1,094
1,484
3
0
주말당일치기여행
24
38
0
0
주말여행정보
9
0
0
0
주말여행패키지
5
6
6
1
주말태국여행
2
1
0
0
주중여행
18
21
3
2
주하이
603
650
0
0
주하이골프
11
4
6
0
주하이골프투어
12
5
3
2
주해골프장
4
6
3
0
주해해양온천
1
3
0
0
죽도가는길
9
9
2
1
죽도관광
42
16
0
0
줌마렐라기차여행
6
13
1
1
중국3일
4
1
2
0
중국겨울골프여행
2
0
3
0
중국계림골프
2
9
3
0
중국계림골프여행
0
1
0
0
중국골프대회
26
24
0
0
중국골프여행비용
5
5
3
0
중국골프여행준비물
39
27
2
2
중국골프장그린피
13
3
0
0
중국골프장안내
1
0
0
0
중국골프전문여행사
2
0
0
0
중국관광정보
3
4
3
0
중국관광지도
555
161
0
0
중국관광지소개
10
0
0
0
중국관광회사
4
5
2
0
중국광저우골프
8
1
6
0
중국광저우관광지
9
13
0
0
중국광주
942
721
9
1
중국광주가이드
7
3
2
0
중국광주공항
80
28
0
0
중국광주여행지
7
0
0
0
중국구채구위치
170
80
0
0
중국금산CC
20
19
4
0
중국금산골프장
7
0
3
0
중국기업연수
1
1
0
0
중국남경골프
1
1
2
0
중국남산골프
24
12
2
2
중국남산골프장
10
8
3
2
중국단체비자신청
14
6
2
0
중국대련골프장
21
21
3
0
중국대만
935
1,553
3
0
중국무이산
147
148
2
7
중국미션힐
5
6
1
0
중국배낭여행루트
7
3
0
0
중국배낭여행코스
17
12
2
0
중국배여행
138
147
5
17
중국백석산
98
163
4
6
중국베이징관광지
14
13
0
0
중국베이징위치
59
78
0
0
중국북경관광지
43
32
3
1
중국북경베이징
14
24
0
0
중국북경여행추천
3
3
0
0
중국북경여행패키지
7
12
8
1
중국비자대행강남
2
2
3
0
중국비자발급받는곳
5
8
0
0
중국비자발급받는방법
3
3
0
0
중국비자발급방법
168
61
6
1
중국비자발급절차
9
5
0
0
중국비자신청방법
6,382
7,914
9
137
중국비자의종류
9
4
8
0
중국비자피
5
3
3
0
중국산동성
800
991
2
0
중국산동성의특징
0
0
0
0
중국산터우
16
6
1
0
중국산토우골프
1
0
6
0
중국삼청산여행
71
33
8
2
중국상하이여행사
3
0
0
0
중국상해가족여행
7
15
2
0
중국상해항주소주
5
8
2
0
중국소주신라호텔
22
16
0
0
중국소주여행추천
0
0
0
0
중국숭산
159
157
2
0
중국심양골프
16
8
1
3
중국양삭
55
42
6
1
중국여객선
104
71
3
3
중국여행가이드북
51
36
0
0
중국여행계획
11
10
0
0
중국여행기
94
98
0
0
중국여행동우회
9
2
2
0
중국여행동호회
300
95
6
4
중국여행배
16
11
0
0
중국여행블로그
39
20
0
0
중국여행비교
6
4
0
0
중국여행시필요한것
18
24
0
0
중국여행싸게가기
1
1
10
0
중국여행여권
73
85
0
0
중국여행추석
3
3
0
0
중국여행코스추천
3
0
0
0
중국여행패키지가격
0
11
0
0
중국여행필수품
588
1,070
3
0
중국연길여행사
6
5
0
0
중국연대
493
403
0
0
중국연대골프
6
6
0
0
중국연대위치
19
8
0
0
중국연변여행
66
60
2
4
중국연태골프장
36
37
8
0
중국온천
96
138
8
2
중국운남성관광
12
2
0
0
중국원가계여행
6
1
0
0
중국위해여행사
8
2
0
0
중국의명산
85
85
0
0
중국이케아
185
308
2
0
중국자동차여행
43
29
0
0
중국장가게관광
24
11
2
2
중국장가계관광
6
1
0
0
중국장가계여행사
5
3
8
0
중국장가계여행추천
1
0
0
0
중국장가계자유여행
26
13
2
1
중국장사
929
1,146
7
5
중국장사위치
90
83
0
0
중국제남골프
12
18
2
1
중국주해골프
1
0
3
0
중국천태CC
3
6
3
0
중국청도가이드
50
38
0
0
중국청도골프여행패키지
0
0
0
0
중국청도캐슬렉스
49
13
2
1
0
0
0
0
중국청양
336
419
0
0
중국출장준비
41
48
0
0
중국출장준비물
90
107
2
0
중국칭다오골프
10
7
3
0
중국칭다오골프장
5
1
3
0
중국칭따오
266
344
2
7
중국크루즈
149
209
8
8
중국태산
929
1,117
8
14
중국패키지추천
9
3
0
0
0
0
0
0
중국하이난골프투어
1
0
0
0
중국하이난신혼여행
7
5
2
0
중국하이난위치
107
78
3
2
중국항주관광지
4
1
0
0
중국항주위치
50
49
0
0
중국화산트래킹
13
6
2
0
중국황산골프
23
9
8
2
중국황산골프여행
1
2
0
0
중국황산골프장
5
1
0
0
중국황산여행기
2
2
0
0
중국황산여행사
5
3
0
0
중국황산여행안내
1
2
0
0
중국황산여행코스
2
3
0
0
중국황제골프
32
31
2
0
중국효도관광추천
2
0
0
0
중남미크루즈
14
1
2
1
중문에있는팬션
0
4
0
0
중문쪽펜션추천
1
0
0
0
중문펜션좋은곳
1
0
0
0
중부내륙관광열차
1,955
4,911
8
52
중부내륙순환열차
771
1,431
6
19
중소기업연수
59
8
0
0
중전고성
3
0
0
0
쥬메이라
101
136
2
0
쥬메이라데바나푸시
557
595
6
13
지방출발국내여행
22
9
4
3
지부티여행
23
8
2
0
지역별여행정보
2
0
2
0
지옥온천
161
139
0
0
지중해국가
87
89
0
0
지중해바다
82
119
0
0
지중해배낭
0
1
0
0
지중해연안
184
238
1
0
지중해크루즈비용
5
10
8
0
지중해크루즈여행가격
98
130
8
7
지중해크루즈여행비용
64
76
8
1
지중해크루즈예약
6
3
3
0
직장인여행
132
132
10
2
직장인유럽여행
70
100
7
0
직장인주말해외여행
6
5
4
0
진시황릉병마용갱
319
513
2
0
진안여행코스
27
18
2
0
진해군항제
1,003
901
3
0
진해벗꽃축제
15
16
3
0
진해벚꽃축제
141
281
4
0
짐바브웨
2,840
3,845
3
0
짐바브웨여행
112
260
6
2
짤즈부르크여행
35
52
3
1
짤쯔부르크여행
22
26
3
0
차산CC
26
6
2
0
차산골프장
20
8
3
0
착한여행사
402
296
3
6
창원모두투어
117
111
9
2
창원출발울릉도여행
14
2
9
3
천문산
527
1,093
3
1
천안모두투어
100
137
9
3
천태
263
427
0
0
천태CC
60
49
3
2
천태골프
69
25
4
1
천태골프장
30
27
8
0
천태온천골프
25
6
3
0
철도청기차여행
23
28
8
1
철도테마여행
36
34
3
5
철원여행
660
579
3
0
첫해외여행
800
1,646
9
5
청도골든레이크
6
3
3
0
청도골프장추천
9
1
3
0
청도골프텔
2
3
3
0
청도국제골프장
16
15
3
0
청도금산CC
50
38
7
0
청도금산골프
9
6
2
1
청도금산골프장
27
21
3
0
청도금산리조트
8
6
2
0
청도노산
204
187
2
0
청도도원CC
18
24
3
0
청도도원골프장
27
11
3
1
청도맥주축제
977
1,303
1
0
청도석노인CC
8
6
3
0
청도석노인골프장
27
9
3
2
청도차산CC
8
8
3
1
청도차산골프
3
1
2
1
청도차산골프장
2
0
3
0
청도천태CC
11
9
2
0
청도천태골프장
17
10
3
0
청도캐슬랙스
24
7
8
0
청도캐슬렉스CC
87
32
6
2
청도케슬렉스
39
14
7
2
청도크루즈
7
11
2
0
청도크리스탈베이
27
4
3
0
0
0
0
0
청도화산CC
26
14
2
0
청도화산골프장
18
8
2
1
청량리역기차여행
32
70
7
0
청주여행코스
648
283
3
0
체스키크롬로프투어
40
33
9
2
체코가이드
29
22
10
0
체코자유여행경비
5
15
3
0
초호화지중해크루즈
36
46
1
2
최고급크루즈여행
5
10
2
0
최저가패키지
21
11
2
2
추라우미수족관
194
300
2
0
추석국내가족여행
6
4
3
0
추석땡처리해외여행
1
3
3
0
추석배낭여행
8
1
2
0
추석연휴사이판
7
2
0
0
추석중국
28
31
2
0
추천국내여행지
27
23
3
0
추천기차여행
16
13
3
1
축제하는곳
77
1,393
3
0
춘성CC
21
19
3
2
춘성골프장
11
6
2
0
춘성리조트
8
0
1
0
춘천가볼만한곳
25,506
108,307
10
99
춘천계곡
4,836
10,896
2
0
춘천당일여행
855
1,073
3
1
춘천당일치기
1,240
2,241
3
0
춘천당일코스
153
163
1
3
춘천도립화목원
131
211
1
0
춘천에가볼만한곳
905
1,097
3
9
춘천에서가볼만한곳
281
156
2
0
춘천여행코스
7,200
9,458
9
46
춘천열차여행
13
14
1
0
춘천지하철여행
118
165
1
0
충주모두투어
9
32
3
1
충청남도여행
354
188
9
3
충청북도여행
279
223
2
0
취리히프라하야간열차
86
59
2
6
치산그랜드삿포로
47
16
6
1
치앙마이골드캐년
40
10
8
0
치앙마이골든트라이앵글
18
18
0
0
치앙마이골프비용
0
1
0
0
치앙마이골프텔
9
7
3
0
치앙마이알파인
41
18
8
1
치앙마이알파인골프장
9
6
3
0
치앙마이인타논CC
2
1
1
0
치앙마이하이랜드CC
6
3
3
0
침대기차
210
483
1
1
침대열차
826
1,697
1
0
칭다오골프여행
14
11
7
1
칭다오맥주거리
79
149
1
0
칭다오크루즈
11
4
2
0
칭따오골프
17
13
2
0
카가야료칸
6
10
2
0
카니발크루즈
153
289
3
0
카니발크루즈라인
1
0
0
0
카드사여행
22
9
2
1
카리브크루즈
13
16
7
0
카리브해크루즈
95
115
8
3
카리브해크루즈가격
2
1
1
0
카리브해크루즈비용
0
0
0
0
카리브해크루즈여행
5
5
8
0
카리브해크루즈여행가격
0
0
0
0
카리브해크루즈여행경비
4
21
2
0
카리브해크루즈여행비용
0
0
0
0
카멜리아페리
23
7
2
1
카멜리아호예약
31
7
2
1
카멜리아훼리
10
1
0
0
카에데노쇼자
775
592
9
27
카이아소료칸
45
25
5
3
카자흐스탄여행
1,149
1,392
7
38
카투만두여행
26
11
2
0
카트만두여행
132
113
8
3
카푸리조트후차쿠
7
5
2
1
칸데오호텔즈더하카타테라스
32
2
6
0
칸사이여행
57
50
1
0
칸쿤르블랑호텔
66
31
9
1
칸쿤크라운파라다이스
21
28
8
0
캄보디아5성급호텔
29
63
3
0
캄보디아골프
191
200
9
6
캄보디아신혼여행
48
91
9
0
캄보디아씨엠립골프
7
2
2
0
캄보디아에어텔
137
139
10
13
0
0
0
0
캄보디아허니문
3
2
3
0
캄보디아현지투어
10
7
5
0
캐나다게스트하우스
63
68
8
5
캐나다록키자유여행
4
2
3
0
캐나다빅토리아섬
349
658
2
0
캐나다크루즈
6
15
7
0
캐나다크루즈여행
5
4
2
0
캐냐여행
22
33
1
0
캐널시티호텔
66
70
9
1
캐리비안크루즈
61
66
3
2
캐리비안크루즈여행
1
4
2
0
캐리비언크루즈
3
3
1
0
캐슬렉스청도
6
11
3
0
캐언즈여행
26
19
2
1
커플끼리제주도여행
0
7
0
0
커플봄여행
1
1
10
0
컨딩
581
610
2
0
0
0
0
0
케냐관광
25
18
7
0
케냐나이로비여행
11
8
0
0
케냐롯지
6
8
2
0
케냐사파리여행
63
46
4
1
케냐여행비용
14
11
5
0
케냐커피투어
14
13
1
2
케냐투어
15
6
3
0
케언즈가는법
6
4
0
0
케언즈시드니
22
22
2
0
켄터키여행
21
40
2
0
켓토안
7
2
1
1
코레일철도
49
20
2
0
코레일테마열차
38
57
2
2
코비텔
95
48
4
14
코스타루미노사
8
8
0
0
코스타리카호텔
7
3
5
0
코스타빅토리아
104
157
3
2
코스타빅토리아크루즈
5
2
2
0
코스타빅토리아호
25
18
2
0
코스타세레나
15
6
2
0
코스타세레나호
11
5
2
0
코스타아틀란티카
36
63
2
0
코스타아틀란티카호
8
7
3
0
코스타크루즈여행
4
1
3
0
코스타클래시카
8
3
2
0
코스타클래시카호
2
11
0
0
코우노유료칸
2
0
3
0
코창여행사
8
7
2
0
코창풀빌라
7
12
3
0
코코아리조트
25
20
3
0
코코아아일랜드
38
37
3
1
코코파리조트
232
245
8
10
코코팜두니콜루
5
8
2
0
코코팜몰디브
20
16
3
0
코코팜보두히티리조트
10
0
0
0
코타키나발루3박4일
62
64
9
5
코타키나발루게스트하우스
178
164
8
2
코타키나발루등산
43
47
6
2
코타키나발루스킨스쿠버
65
70
1
0
코타키나발루자유
28
42
2
0
코타키나발루자유여행비용
496
485
9
5
코타키나발루트래킹
21
37
4
1
코타키나발루플라잉베베
1
0
3
0
코타키나발루호핑투어
494
707
2
5
코타키나발루휴양여행
0
0
0
0
코펜하겐크루즈
8
5
2
0
콘다오
318
322
5
12
콘다오식스센스
27
49
4
1
콘스탄스무푸시
95
87
4
1
콜로라도스프링스
300
298
0
0
콜롬비아호텔
14
21
9
0
쿄토료칸
225
182
9
11
쿄토자유여행
29
24
2
4
쿠나드라인
1
0
1
0